,currentTime,filename,pBlockIODelays,pChildrenKernelMode,pChildrenUserMode,pCmdLine,pCpuTimeKernelMode,pCpuTimeUserMode,pId,pName,pNonvoluntaryContextSwitches,pNumThreads,pResidentSetSize,pVirtualMemoryBytes,pVoluntaryContextSwitches
0,1572128382,2019_10_26__22_19_42.json,0,0,0,/bin/bash /usr/local/bin/start.sh multibwa.sh /data /data/References/Broad_UMI /data/References/Broad_UMI/Human_RefSeq /data/Aligns 24 20 8,0,0,23,start.sh,2,1,296,2281472,12
1,1572128384,2019_10_26__22_19_44.json,0,0,0,/bin/bash /usr/local/bin/start.sh multibwa.sh /data /data/References/Broad_UMI /data/References/Broad_UMI/Human_RefSeq /data/Aligns 24 20 8,0,0,23,start.sh,2,1,296,2281472,12
2,1572128385,2019_10_26__22_19_45.json,0,0,0,/bin/bash /usr/local/bin/start.sh multibwa.sh /data /data/References/Broad_UMI /data/References/Broad_UMI/Human_RefSeq /data/Aligns 24 20 8,0,0,23,start.sh,2,1,296,2281472,12
3,1572128386,2019_10_26__22_19_46.json,0,0,0,/bin/bash /usr/local/bin/start.sh multibwa.sh /data /data/References/Broad_UMI /data/References/Broad_UMI/Human_RefSeq /data/Aligns 24 20 8,0,0,23,start.sh,2,1,296,2281472,12
4,1572128387,2019_10_26__22_19_47.json,0,0,0,/bin/bash /usr/local/bin/start.sh multibwa.sh /data /data/References/Broad_UMI /data/References/Broad_UMI/Human_RefSeq /data/Aligns 24 20 8,0,0,23,start.sh,2,1,296,2281472,12
5,1572128389,2019_10_26__22_19_48.json,0,0,0,/bin/bash /usr/local/bin/start.sh multibwa.sh /data /data/References/Broad_UMI /data/References/Broad_UMI/Human_RefSeq /data/Aligns 24 20 8,0,0,23,start.sh,2,1,296,2281472,12
6,1572128390,2019_10_26__22_19_50.json,0,0,0,/bin/bash /usr/local/bin/start.sh multibwa.sh /data /data/References/Broad_UMI /data/References/Broad_UMI/Human_RefSeq /data/Aligns 24 20 8,0,0,23,start.sh,2,1,296,2281472,12
7,1572128391,2019_10_26__22_19_51.json,0,0,0,/bin/bash /usr/local/bin/start.sh multibwa.sh /data /data/References/Broad_UMI /data/References/Broad_UMI/Human_RefSeq /data/Aligns 24 20 8,0,0,23,start.sh,2,1,296,2281472,12
8,1572128392,2019_10_26__22_19_52.json,0,0,0,/bin/bash /usr/local/bin/start.sh multibwa.sh /data /data/References/Broad_UMI /data/References/Broad_UMI/Human_RefSeq /data/Aligns 24 20 8,0,0,23,start.sh,2,1,296,2281472,12
9,1572128393,2019_10_26__22_19_53.json,0,0,0,/bin/bash /usr/local/bin/start.sh multibwa.sh /data /data/References/Broad_UMI /data/References/Broad_UMI/Human_RefSeq /data/Aligns 24 20 8,0,0,23,start.sh,2,1,296,2281472,12
10,1572128395,2019_10_26__22_19_55.json,0,0,0,/bin/bash /usr/local/bin/start.sh multibwa.sh /data /data/References/Broad_UMI /data/References/Broad_UMI/Human_RefSeq /data/Aligns 24 20 8,0,0,23,start.sh,2,1,296,2281472,12
11,1572128396,2019_10_26__22_19_56.json,0,0,0,/bin/bash /usr/local/bin/start.sh multibwa.sh /data /data/References/Broad_UMI /data/References/Broad_UMI/Human_RefSeq /data/Aligns 24 20 8,0,0,23,start.sh,2,1,296,2281472,12
12,1572128397,2019_10_26__22_19_57.json,0,0,0,/bin/bash /usr/local/bin/start.sh multibwa.sh /data /data/References/Broad_UMI /data/References/Broad_UMI/Human_RefSeq /data/Aligns 24 20 8,0,0,23,start.sh,2,1,296,2281472,12
13,1572128398,2019_10_26__22_19_58.json,0,0,0,/bin/bash /usr/local/bin/start.sh multibwa.sh /data /data/References/Broad_UMI /data/References/Broad_UMI/Human_RefSeq /data/Aligns 24 20 8,0,0,23,start.sh,2,1,296,2281472,12
14,1572128399,2019_10_26__22_19_59.json,0,0,0,/bin/bash /usr/local/bin/start.sh multibwa.sh /data /data/References/Broad_UMI /data/References/Broad_UMI/Human_RefSeq /data/Aligns 24 20 8,0,0,23,start.sh,2,1,296,2281472,12
15,1572128401,2019_10_26__22_20_01.json,0,0,0,/bin/bash /usr/local/bin/start.sh multibwa.sh /data /data/References/Broad_UMI /data/References/Broad_UMI/Human_RefSeq /data/Aligns 24 20 8,0,0,23,start.sh,2,1,296,2281472,12
16,1572128402,2019_10_26__22_20_02.json,0,0,0,/bin/bash /usr/local/bin/start.sh multibwa.sh /data /data/References/Broad_UMI /data/References/Broad_UMI/Human_RefSeq /data/Aligns 24 20 8,0,0,23,start.sh,2,1,296,2281472,12
17,1572128403,2019_10_26__22_20_03.json,0,0,0,/bin/bash /usr/local/bin/start.sh multibwa.sh /data /data/References/Broad_UMI /data/References/Broad_UMI/Human_RefSeq /data/Aligns 24 20 8,0,0,23,start.sh,2,1,296,2281472,12
18,1572128404,2019_10_26__22_20_04.json,0,0,0,/bin/bash /usr/local/bin/start.sh multibwa.sh /data /data/References/Broad_UMI /data/References/Broad_UMI/Human_RefSeq /data/Aligns 24 20 8,0,0,23,start.sh,2,1,296,2281472,12
19,1572128405,2019_10_26__22_20_05.json,0,0,0,/bin/bash /usr/local/bin/start.sh multibwa.sh /data /data/References/Broad_UMI /data/References/Broad_UMI/Human_RefSeq /data/Aligns 24 20 8,0,0,23,start.sh,2,1,296,2281472,12
20,1572128407,2019_10_26__22_20_07.json,0,0,0,/bin/bash /usr/local/bin/start.sh multibwa.sh /data /data/References/Broad_UMI /data/References/Broad_UMI/Human_RefSeq /data/Aligns 24 20 8,0,0,23,start.sh,2,1,296,2281472,12
21,1572128408,2019_10_26__22_20_08.json,0,0,0,/bin/bash /usr/local/bin/start.sh multibwa.sh /data /data/References/Broad_UMI /data/References/Broad_UMI/Human_RefSeq /data/Aligns 24 20 8,0,0,23,start.sh,2,1,296,2281472,12
22,1572128409,2019_10_26__22_20_09.json,0,0,0,/bin/bash /usr/local/bin/start.sh multibwa.sh /data /data/References/Broad_UMI /data/References/Broad_UMI/Human_RefSeq /data/Aligns 24 20 8,0,0,23,start.sh,2,1,296,2281472,12
23,1572128410,2019_10_26__22_20_10.json,0,0,0,/bin/bash /usr/local/bin/start.sh multibwa.sh /data /data/References/Broad_UMI /data/References/Broad_UMI/Human_RefSeq /data/Aligns 24 20 8,0,0,23,start.sh,2,1,296,2281472,12
24,1572128412,2019_10_26__22_20_12.json,0,0,0,/bin/bash /usr/local/bin/start.sh multibwa.sh /data /data/References/Broad_UMI /data/References/Broad_UMI/Human_RefSeq /data/Aligns 24 20 8,0,0,23,start.sh,2,1,296,2281472,12
25,1572128413,2019_10_26__22_20_13.json,0,0,0,/bin/bash /usr/local/bin/start.sh multibwa.sh /data /data/References/Broad_UMI /data/References/Broad_UMI/Human_RefSeq /data/Aligns 24 20 8,0,0,23,start.sh,2,1,296,2281472,12
26,1572128414,2019_10_26__22_20_14.json,0,0,0,/bin/bash /usr/local/bin/start.sh multibwa.sh /data /data/References/Broad_UMI /data/References/Broad_UMI/Human_RefSeq /data/Aligns 24 20 8,0,0,23,start.sh,2,1,296,2281472,12
27,1572128415,2019_10_26__22_20_15.json,0,0,0,/bin/bash /usr/local/bin/start.sh multibwa.sh /data /data/References/Broad_UMI /data/References/Broad_UMI/Human_RefSeq /data/Aligns 24 20 8,0,0,23,start.sh,2,1,296,2281472,12
28,1572128416,2019_10_26__22_20_16.json,0,0,0,/bin/bash /usr/local/bin/start.sh multibwa.sh /data /data/References/Broad_UMI /data/References/Broad_UMI/Human_RefSeq /data/Aligns 24 20 8,0,0,23,start.sh,2,1,296,2281472,12
29,1572128418,2019_10_26__22_20_18.json,0,0,0,/bin/bash /usr/local/bin/start.sh multibwa.sh /data /data/References/Broad_UMI /data/References/Broad_UMI/Human_RefSeq /data/Aligns 24 20 8,0,0,23,start.sh,2,1,296,2281472,12
30,1572128419,2019_10_26__22_20_19.json,0,0,0,/bin/bash /usr/local/bin/start.sh multibwa.sh /data /data/References/Broad_UMI /data/References/Broad_UMI/Human_RefSeq /data/Aligns 24 20 8,0,0,23,start.sh,2,1,296,2281472,12
31,1572128420,2019_10_26__22_20_20.json,0,0,0,/bin/bash /usr/local/bin/start.sh multibwa.sh /data /data/References/Broad_UMI /data/References/Broad_UMI/Human_RefSeq /data/Aligns 24 20 8,0,0,23,start.sh,2,1,296,2281472,12
32,1572128421,2019_10_26__22_20_21.json,0,0,0,/bin/bash /usr/local/bin/start.sh multibwa.sh /data /data/References/Broad_UMI /data/References/Broad_UMI/Human_RefSeq /data/Aligns 24 20 8,0,0,23,start.sh,2,1,296,2281472,12
33,1572128423,2019_10_26__22_20_23.json,0,0,0,/bin/bash /usr/local/bin/start.sh multibwa.sh /data /data/References/Broad_UMI /data/References/Broad_UMI/Human_RefSeq /data/Aligns 24 20 8,0,0,23,start.sh,2,1,296,2281472,12
34,1572128424,2019_10_26__22_20_24.json,0,83,2,/bin/bash /usr/local/bin/start.sh multibwa.sh /data /data/References/Broad_UMI /data/References/Broad_UMI/Human_RefSeq /data/Aligns 24 20 8,0,0,23,start.sh,2,1,296,2281472,14
35,1572128426,2019_10_26__22_20_26.json,0,83,2,/bin/bash /usr/local/bin/start.sh multibwa.sh /data /data/References/Broad_UMI /data/References/Broad_UMI/Human_RefSeq /data/Aligns 24 20 8,0,0,23,start.sh,2,1,296,2281472,14
36,1572128428,2019_10_26__22_20_28.json,0,83,2,/bin/bash /usr/local/bin/start.sh multibwa.sh /data /data/References/Broad_UMI /data/References/Broad_UMI/Human_RefSeq /data/Aligns 24 20 8,0,0,23,start.sh,2,1,296,2281472,14
37,1572128430,2019_10_26__22_20_30.json,0,83,2,/bin/bash /usr/local/bin/start.sh multibwa.sh /data /data/References/Broad_UMI /data/References/Broad_UMI/Human_RefSeq /data/Aligns 24 20 8,0,0,23,start.sh,2,1,296,2281472,14
38,1572128433,2019_10_26__22_20_33.json,0,83,2,/bin/bash /usr/local/bin/start.sh multibwa.sh /data /data/References/Broad_UMI /data/References/Broad_UMI/Human_RefSeq /data/Aligns 24 20 8,0,0,23,start.sh,2,1,296,2281472,14
39,1572128444,2019_10_26__22_20_44.json,0,83,2,/bin/bash /usr/local/bin/start.sh multibwa.sh /data /data/References/Broad_UMI /data/References/Broad_UMI/Human_RefSeq /data/Aligns 24 20 8,0,0,23,start.sh,2,1,296,2281472,14
40,1572128454,2019_10_26__22_20_54.json,0,83,2,/bin/bash /usr/local/bin/start.sh multibwa.sh /data /data/References/Broad_UMI /data/References/Broad_UMI/Human_RefSeq /data/Aligns 24 20 8,0,0,23,start.sh,2,1,296,2281472,14
41,1572128464,2019_10_26__22_21_04.json,0,83,2,/bin/bash /usr/local/bin/start.sh multibwa.sh /data /data/References/Broad_UMI /data/References/Broad_UMI/Human_RefSeq /data/Aligns 24 20 8,0,0,23,start.sh,2,1,296,2281472,14
42,1572128473,2019_10_26__22_21_13.json,0,83,2,/bin/bash /usr/local/bin/start.sh multibwa.sh /data /data/References/Broad_UMI /data/References/Broad_UMI/Human_RefSeq /data/Aligns 24 20 8,0,0,23,start.sh,2,1,296,2281472,14
43,1572128483,2019_10_26__22_21_23.json,0,83,2,/bin/bash /usr/local/bin/start.sh multibwa.sh /data /data/References/Broad_UMI /data/References/Broad_UMI/Human_RefSeq /data/Aligns 24 20 8,0,0,23,start.sh,2,1,296,2281472,14
44,1572128494,2019_10_26__22_21_34.json,0,83,2,/bin/bash /usr/local/bin/start.sh multibwa.sh /data /data/References/Broad_UMI /data/References/Broad_UMI/Human_RefSeq /data/Aligns 24 20 8,0,0,23,start.sh,2,1,296,2281472,14
45,1572128504,2019_10_26__22_21_44.json,0,83,2,/bin/bash /usr/local/bin/start.sh multibwa.sh /data /data/References/Broad_UMI /data/References/Broad_UMI/Human_RefSeq /data/Aligns 24 20 8,0,0,23,start.sh,2,1,296,2281472,14
46,1572128515,2019_10_26__22_21_55.json,0,83,2,/bin/bash /usr/local/bin/start.sh multibwa.sh /data /data/References/Broad_UMI /data/References/Broad_UMI/Human_RefSeq /data/Aligns 24 20 8,0,0,23,start.sh,2,1,296,2281472,14
47,1572128525,2019_10_26__22_22_05.json,0,83,2,/bin/bash /usr/local/bin/start.sh multibwa.sh /data /data/References/Broad_UMI /data/References/Broad_UMI/Human_RefSeq /data/Aligns 24 20 8,0,0,23,start.sh,2,1,296,2281472,14
48,1572128536,2019_10_26__22_22_16.json,0,83,2,/bin/bash /usr/local/bin/start.sh multibwa.sh /data /data/References/Broad_UMI /data/References/Broad_UMI/Human_RefSeq /data/Aligns 24 20 8,0,0,23,start.sh,2,1,296,2281472,14
49,1572128546,2019_10_26__22_22_26.json,0,83,2,/bin/bash /usr/local/bin/start.sh multibwa.sh /data /data/References/Broad_UMI /data/References/Broad_UMI/Human_RefSeq /data/Aligns 24 20 8,0,0,23,start.sh,2,1,296,2281472,14
50,1572128556,2019_10_26__22_22_36.json,0,83,2,/bin/bash /usr/local/bin/start.sh multibwa.sh /data /data/References/Broad_UMI /data/References/Broad_UMI/Human_RefSeq /data/Aligns 24 20 8,0,0,23,start.sh,2,1,296,2281472,14
51,1572128567,2019_10_26__22_22_47.json,0,83,2,/bin/bash /usr/local/bin/start.sh multibwa.sh /data /data/References/Broad_UMI /data/References/Broad_UMI/Human_RefSeq /data/Aligns 24 20 8,0,0,23,start.sh,2,1,296,2281472,14
52,1572128577,2019_10_26__22_22_57.json,0,83,2,/bin/bash /usr/local/bin/start.sh multibwa.sh /data /data/References/Broad_UMI /data/References/Broad_UMI/Human_RefSeq /data/Aligns 24 20 8,0,0,23,start.sh,2,1,296,2281472,14
53,1572128587,2019_10_26__22_23_07.json,0,83,2,/bin/bash /usr/local/bin/start.sh multibwa.sh /data /data/References/Broad_UMI /data/References/Broad_UMI/Human_RefSeq /data/Aligns 24 20 8,0,0,23,start.sh,2,1,296,2281472,14
54,1572128597,2019_10_26__22_23_17.json,0,83,2,/bin/bash /usr/local/bin/start.sh multibwa.sh /data /data/References/Broad_UMI /data/References/Broad_UMI/Human_RefSeq /data/Aligns 24 20 8,0,0,23,start.sh,2,1,296,2281472,14
55,1572128607,2019_10_26__22_23_27.json,0,83,2,/bin/bash /usr/local/bin/start.sh multibwa.sh /data /data/References/Broad_UMI /data/References/Broad_UMI/Human_RefSeq /data/Aligns 24 20 8,0,0,23,start.sh,2,1,296,2281472,14
56,1572128617,2019_10_26__22_23_37.json,0,83,2,/bin/bash /usr/local/bin/start.sh multibwa.sh /data /data/References/Broad_UMI /data/References/Broad_UMI/Human_RefSeq /data/Aligns 24 20 8,0,0,23,start.sh,2,1,296,2281472,14
57,1572128627,2019_10_26__22_23_47.json,0,83,2,/bin/bash /usr/local/bin/start.sh multibwa.sh /data /data/References/Broad_UMI /data/References/Broad_UMI/Human_RefSeq /data/Aligns 24 20 8,0,0,23,start.sh,2,1,296,2281472,14
58,1572128638,2019_10_26__22_23_58.json,0,83,2,/bin/bash /usr/local/bin/start.sh multibwa.sh /data /data/References/Broad_UMI /data/References/Broad_UMI/Human_RefSeq /data/Aligns 24 20 8,0,0,23,start.sh,2,1,296,2281472,14
59,1572128648,2019_10_26__22_24_08.json,0,83,2,/bin/bash /usr/local/bin/start.sh multibwa.sh /data /data/References/Broad_UMI /data/References/Broad_UMI/Human_RefSeq /data/Aligns 24 20 8,0,0,23,start.sh,2,1,296,2281472,14
60,1572128658,2019_10_26__22_24_18.json,0,83,2,/bin/bash /usr/local/bin/start.sh multibwa.sh /data /data/References/Broad_UMI /data/References/Broad_UMI/Human_RefSeq /data/Aligns 24 20 8,0,0,23,start.sh,2,1,296,2281472,14
61,1572128668,2019_10_26__22_24_28.json,0,83,2,/bin/bash /usr/local/bin/start.sh multibwa.sh /data /data/References/Broad_UMI /data/References/Broad_UMI/Human_RefSeq /data/Aligns 24 20 8,0,0,23,start.sh,2,1,296,2281472,14
62,1572128678,2019_10_26__22_24_38.json,0,83,2,/bin/bash /usr/local/bin/start.sh multibwa.sh /data /data/References/Broad_UMI /data/References/Broad_UMI/Human_RefSeq /data/Aligns 24 20 8,0,0,23,start.sh,2,1,296,2281472,14
63,1572128688,2019_10_26__22_24_48.json,0,83,2,/bin/bash /usr/local/bin/start.sh multibwa.sh /data /data/References/Broad_UMI /data/References/Broad_UMI/Human_RefSeq /data/Aligns 24 20 8,0,0,23,start.sh,2,1,296,2281472,14
64,1572128699,2019_10_26__22_24_59.json,0,83,2,/bin/bash /usr/local/bin/start.sh multibwa.sh /data /data/References/Broad_UMI /data/References/Broad_UMI/Human_RefSeq /data/Aligns 24 20 8,0,0,23,start.sh,2,1,296,2281472,14
65,1572128709,2019_10_26__22_25_09.json,0,83,2,/bin/bash /usr/local/bin/start.sh multibwa.sh /data /data/References/Broad_UMI /data/References/Broad_UMI/Human_RefSeq /data/Aligns 24 20 8,0,0,23,start.sh,2,1,296,2281472,14
66,1572128719,2019_10_26__22_25_19.json,0,83,2,/bin/bash /usr/local/bin/start.sh multibwa.sh /data /data/References/Broad_UMI /data/References/Broad_UMI/Human_RefSeq /data/Aligns 24 20 8,0,0,23,start.sh,2,1,296,2281472,14
67,1572128729,2019_10_26__22_25_29.json,0,83,2,/bin/bash /usr/local/bin/start.sh multibwa.sh /data /data/References/Broad_UMI /data/References/Broad_UMI/Human_RefSeq /data/Aligns 24 20 8,0,0,23,start.sh,2,1,296,2281472,14
68,1572128740,2019_10_26__22_25_40.json,0,83,2,/bin/bash /usr/local/bin/start.sh multibwa.sh /data /data/References/Broad_UMI /data/References/Broad_UMI/Human_RefSeq /data/Aligns 24 20 8,0,0,23,start.sh,2,1,296,2281472,14
69,1572128750,2019_10_26__22_25_50.json,0,83,2,/bin/bash /usr/local/bin/start.sh multibwa.sh /data /data/References/Broad_UMI /data/References/Broad_UMI/Human_RefSeq /data/Aligns 24 20 8,0,0,23,start.sh,2,1,296,2281472,14
70,1572128760,2019_10_26__22_26_00.json,0,83,2,/bin/bash /usr/local/bin/start.sh multibwa.sh /data /data/References/Broad_UMI /data/References/Broad_UMI/Human_RefSeq /data/Aligns 24 20 8,0,0,23,start.sh,2,1,296,2281472,14
71,1572128770,2019_10_26__22_26_10.json,0,83,2,/bin/bash /usr/local/bin/start.sh multibwa.sh /data /data/References/Broad_UMI /data/References/Broad_UMI/Human_RefSeq /data/Aligns 24 20 8,0,0,23,start.sh,2,1,296,2281472,14
72,1572128780,2019_10_26__22_26_20.json,0,83,2,/bin/bash /usr/local/bin/start.sh multibwa.sh /data /data/References/Broad_UMI /data/References/Broad_UMI/Human_RefSeq /data/Aligns 24 20 8,0,0,23,start.sh,2,1,296,2281472,14
73,1572128791,2019_10_26__22_26_30.json,0,83,2,/bin/bash /usr/local/bin/start.sh multibwa.sh /data /data/References/Broad_UMI /data/References/Broad_UMI/Human_RefSeq /data/Aligns 24 20 8,0,0,23,start.sh,2,1,296,2281472,14
74,1572128801,2019_10_26__22_26_41.json,0,83,2,/bin/bash /usr/local/bin/start.sh multibwa.sh /data /data/References/Broad_UMI /data/References/Broad_UMI/Human_RefSeq /data/Aligns 24 20 8,0,0,23,start.sh,2,1,296,2281472,14
75,1572128811,2019_10_26__22_26_51.json,0,83,2,/bin/bash /usr/local/bin/start.sh multibwa.sh /data /data/References/Broad_UMI /data/References/Broad_UMI/Human_RefSeq /data/Aligns 24 20 8,0,0,23,start.sh,2,1,296,2281472,14
76,1572128822,2019_10_26__22_27_02.json,0,83,2,/bin/bash /usr/local/bin/start.sh multibwa.sh /data /data/References/Broad_UMI /data/References/Broad_UMI/Human_RefSeq /data/Aligns 24 20 8,0,0,23,start.sh,2,1,296,2281472,14
77,1572128832,2019_10_26__22_27_12.json,0,83,2,/bin/bash /usr/local/bin/start.sh multibwa.sh /data /data/References/Broad_UMI /data/References/Broad_UMI/Human_RefSeq /data/Aligns 24 20 8,0,0,23,start.sh,2,1,296,2281472,14
78,1572128843,2019_10_26__22_27_22.json,0,83,2,/bin/bash /usr/local/bin/start.sh multibwa.sh /data /data/References/Broad_UMI /data/References/Broad_UMI/Human_RefSeq /data/Aligns 24 20 8,0,0,23,start.sh,2,1,296,2281472,14
79,1572128853,2019_10_26__22_27_33.json,0,83,2,/bin/bash /usr/local/bin/start.sh multibwa.sh /data /data/References/Broad_UMI /data/References/Broad_UMI/Human_RefSeq /data/Aligns 24 20 8,0,0,23,start.sh,2,1,296,2281472,14
80,1572128863,2019_10_26__22_27_43.json,0,83,2,/bin/bash /usr/local/bin/start.sh multibwa.sh /data /data/References/Broad_UMI /data/References/Broad_UMI/Human_RefSeq /data/Aligns 24 20 8,0,0,23,start.sh,2,1,296,2281472,14
81,1572128873,2019_10_26__22_27_53.json,0,83,2,/bin/bash /usr/local/bin/start.sh multibwa.sh /data /data/References/Broad_UMI /data/References/Broad_UMI/Human_RefSeq /data/Aligns 24 20 8,0,0,23,start.sh,2,1,296,2281472,14
82,1572128884,2019_10_26__22_28_04.json,0,83,2,/bin/bash /usr/local/bin/start.sh multibwa.sh /data /data/References/Broad_UMI /data/References/Broad_UMI/Human_RefSeq /data/Aligns 24 20 8,0,0,23,start.sh,2,1,296,2281472,14
83,1572128894,2019_10_26__22_28_14.json,0,83,2,/bin/bash /usr/local/bin/start.sh multibwa.sh /data /data/References/Broad_UMI /data/References/Broad_UMI/Human_RefSeq /data/Aligns 24 20 8,0,0,23,start.sh,2,1,296,2281472,14
84,1572128904,2019_10_26__22_28_24.json,0,83,2,/bin/bash /usr/local/bin/start.sh multibwa.sh /data /data/References/Broad_UMI /data/References/Broad_UMI/Human_RefSeq /data/Aligns 24 20 8,0,0,23,start.sh,2,1,296,2281472,14
85,1572128915,2019_10_26__22_28_35.json,0,83,2,/bin/bash /usr/local/bin/start.sh multibwa.sh /data /data/References/Broad_UMI /data/References/Broad_UMI/Human_RefSeq /data/Aligns 24 20 8,0,0,23,start.sh,2,1,296,2281472,14
86,1572128925,2019_10_26__22_28_45.json,0,83,2,/bin/bash /usr/local/bin/start.sh multibwa.sh /data /data/References/Broad_UMI /data/References/Broad_UMI/Human_RefSeq /data/Aligns 24 20 8,0,0,23,start.sh,2,1,296,2281472,14
87,1572128936,2019_10_26__22_28_56.json,0,83,2,/bin/bash /usr/local/bin/start.sh multibwa.sh /data /data/References/Broad_UMI /data/References/Broad_UMI/Human_RefSeq /data/Aligns 24 20 8,0,0,23,start.sh,2,1,296,2281472,14
88,1572128946,2019_10_26__22_29_06.json,0,83,2,/bin/bash /usr/local/bin/start.sh multibwa.sh /data /data/References/Broad_UMI /data/References/Broad_UMI/Human_RefSeq /data/Aligns 24 20 8,0,0,23,start.sh,2,1,296,2281472,14
89,1572128956,2019_10_26__22_29_16.json,0,83,2,/bin/bash /usr/local/bin/start.sh multibwa.sh /data /data/References/Broad_UMI /data/References/Broad_UMI/Human_RefSeq /data/Aligns 24 20 8,0,0,23,start.sh,2,1,296,2281472,14
90,1572128966,2019_10_26__22_29_26.json,0,83,2,/bin/bash /usr/local/bin/start.sh multibwa.sh /data /data/References/Broad_UMI /data/References/Broad_UMI/Human_RefSeq /data/Aligns 24 20 8,0,0,23,start.sh,2,1,296,2281472,14
91,1572128976,2019_10_26__22_29_36.json,0,83,2,/bin/bash /usr/local/bin/start.sh multibwa.sh /data /data/References/Broad_UMI /data/References/Broad_UMI/Human_RefSeq /data/Aligns 24 20 8,0,0,23,start.sh,2,1,296,2281472,14
92,1572128987,2019_10_26__22_29_47.json,0,83,2,/bin/bash /usr/local/bin/start.sh multibwa.sh /data /data/References/Broad_UMI /data/References/Broad_UMI/Human_RefSeq /data/Aligns 24 20 8,0,0,23,start.sh,2,1,296,2281472,14
93,1572128997,2019_10_26__22_29_57.json,0,83,2,/bin/bash /usr/local/bin/start.sh multibwa.sh /data /data/References/Broad_UMI /data/References/Broad_UMI/Human_RefSeq /data/Aligns 24 20 8,0,0,23,start.sh,2,1,296,2281472,14
94,1572129007,2019_10_26__22_30_07.json,0,83,2,/bin/bash /usr/local/bin/start.sh multibwa.sh /data /data/References/Broad_UMI /data/References/Broad_UMI/Human_RefSeq /data/Aligns 24 20 8,0,0,23,start.sh,2,1,296,2281472,14
95,1572129013,2019_10_26__22_30_13.json,0,83,2,/bin/bash /usr/local/bin/start.sh multibwa.sh /data /data/References/Broad_UMI /data/References/Broad_UMI/Human_RefSeq /data/Aligns 24 20 8,0,0,23,start.sh,2,1,296,2281472,14
96,1572129015,2019_10_26__22_30_15.json,0,83,2,/bin/bash /usr/local/bin/start.sh multibwa.sh /data /data/References/Broad_UMI /data/References/Broad_UMI/Human_RefSeq /data/Aligns 24 20 8,0,0,23,start.sh,2,1,296,2281472,14
97,1572129017,2019_10_26__22_30_17.json,0,83,2,/bin/bash /usr/local/bin/start.sh multibwa.sh /data /data/References/Broad_UMI /data/References/Broad_UMI/Human_RefSeq /data/Aligns 24 20 8,0,0,23,start.sh,2,1,296,2281472,14
98,1572129019,2019_10_26__22_30_19.json,0,83,2,/bin/bash /usr/local/bin/start.sh multibwa.sh /data /data/References/Broad_UMI /data/References/Broad_UMI/Human_RefSeq /data/Aligns 24 20 8,0,0,23,start.sh,2,1,296,2281472,14
99,1572129023,2019_10_26__22_30_23.json,0,83,2,/bin/bash /usr/local/bin/start.sh multibwa.sh /data /data/References/Broad_UMI /data/References/Broad_UMI/Human_RefSeq /data/Aligns 24 20 8,0,0,23,start.sh,2,1,296,2281472,14
100,1572129034,2019_10_26__22_30_34.json,0,83,2,/bin/bash /usr/local/bin/start.sh multibwa.sh /data /data/References/Broad_UMI /data/References/Broad_UMI/Human_RefSeq /data/Aligns 24 20 8,0,0,23,start.sh,2,1,296,2281472,14
101,1572129044,2019_10_26__22_30_44.json,0,83,2,/bin/bash /usr/local/bin/start.sh multibwa.sh /data /data/References/Broad_UMI /data/References/Broad_UMI/Human_RefSeq /data/Aligns 24 20 8,0,0,23,start.sh,2,1,296,2281472,14
102,1572129054,2019_10_26__22_30_54.json,0,83,2,/bin/bash /usr/local/bin/start.sh multibwa.sh /data /data/References/Broad_UMI /data/References/Broad_UMI/Human_RefSeq /data/Aligns 24 20 8,0,0,23,start.sh,2,1,296,2281472,14
103,1572129064,2019_10_26__22_31_04.json,0,83,2,/bin/bash /usr/local/bin/start.sh multibwa.sh /data /data/References/Broad_UMI /data/References/Broad_UMI/Human_RefSeq /data/Aligns 24 20 8,0,0,23,start.sh,2,1,296,2281472,14
104,1572129074,2019_10_26__22_31_14.json,0,83,2,/bin/bash /usr/local/bin/start.sh multibwa.sh /data /data/References/Broad_UMI /data/References/Broad_UMI/Human_RefSeq /data/Aligns 24 20 8,0,0,23,start.sh,2,1,296,2281472,14
105,1572129084,2019_10_26__22_31_24.json,0,83,2,/bin/bash /usr/local/bin/start.sh multibwa.sh /data /data/References/Broad_UMI /data/References/Broad_UMI/Human_RefSeq /data/Aligns 24 20 8,0,0,23,start.sh,2,1,296,2281472,14
106,1572129094,2019_10_26__22_31_34.json,0,83,2,/bin/bash /usr/local/bin/start.sh multibwa.sh /data /data/References/Broad_UMI /data/References/Broad_UMI/Human_RefSeq /data/Aligns 24 20 8,0,0,23,start.sh,2,1,296,2281472,14
107,1572129105,2019_10_26__22_31_45.json,0,83,2,/bin/bash /usr/local/bin/start.sh multibwa.sh /data /data/References/Broad_UMI /data/References/Broad_UMI/Human_RefSeq /data/Aligns 24 20 8,0,0,23,start.sh,2,1,296,2281472,14
108,1572129115,2019_10_26__22_31_55.json,0,83,2,/bin/bash /usr/local/bin/start.sh multibwa.sh /data /data/References/Broad_UMI /data/References/Broad_UMI/Human_RefSeq /data/Aligns 24 20 8,0,0,23,start.sh,2,1,296,2281472,14
109,1572129125,2019_10_26__22_32_05.json,0,83,2,/bin/bash /usr/local/bin/start.sh multibwa.sh /data /data/References/Broad_UMI /data/References/Broad_UMI/Human_RefSeq /data/Aligns 24 20 8,0,0,23,start.sh,2,1,296,2281472,14
110,1572129135,2019_10_26__22_32_15.json,0,83,2,/bin/bash /usr/local/bin/start.sh multibwa.sh /data /data/References/Broad_UMI /data/References/Broad_UMI/Human_RefSeq /data/Aligns 24 20 8,0,0,23,start.sh,2,1,296,2281472,14
111,1572129146,2019_10_26__22_32_26.json,0,83,2,/bin/bash /usr/local/bin/start.sh multibwa.sh /data /data/References/Broad_UMI /data/References/Broad_UMI/Human_RefSeq /data/Aligns 24 20 8,0,0,23,start.sh,2,1,296,2281472,14
112,1572129156,2019_10_26__22_32_36.json,0,83,2,/bin/bash /usr/local/bin/start.sh multibwa.sh /data /data/References/Broad_UMI /data/References/Broad_UMI/Human_RefSeq /data/Aligns 24 20 8,0,0,23,start.sh,2,1,296,2281472,14
113,1572129166,2019_10_26__22_32_46.json,0,83,2,/bin/bash /usr/local/bin/start.sh multibwa.sh /data /data/References/Broad_UMI /data/References/Broad_UMI/Human_RefSeq /data/Aligns 24 20 8,0,0,23,start.sh,2,1,296,2281472,14
114,1572129177,2019_10_26__22_32_57.json,0,83,2,/bin/bash /usr/local/bin/start.sh multibwa.sh /data /data/References/Broad_UMI /data/References/Broad_UMI/Human_RefSeq /data/Aligns 24 20 8,0,0,23,start.sh,2,1,296,2281472,14
115,1572129187,2019_10_26__22_33_07.json,0,83,2,/bin/bash /usr/local/bin/start.sh multibwa.sh /data /data/References/Broad_UMI /data/References/Broad_UMI/Human_RefSeq /data/Aligns 24 20 8,0,0,23,start.sh,2,1,296,2281472,14
116,1572129197,2019_10_26__22_33_17.json,0,83,2,/bin/bash /usr/local/bin/start.sh multibwa.sh /data /data/References/Broad_UMI /data/References/Broad_UMI/Human_RefSeq /data/Aligns 24 20 8,0,0,23,start.sh,2,1,296,2281472,14
117,1572129208,2019_10_26__22_33_28.json,0,83,2,/bin/bash /usr/local/bin/start.sh multibwa.sh /data /data/References/Broad_UMI /data/References/Broad_UMI/Human_RefSeq /data/Aligns 24 20 8,0,0,23,start.sh,2,1,296,2281472,14
118,1572129218,2019_10_26__22_33_38.json,0,83,2,/bin/bash /usr/local/bin/start.sh multibwa.sh /data /data/References/Broad_UMI /data/References/Broad_UMI/Human_RefSeq /data/Aligns 24 20 8,0,0,23,start.sh,2,1,296,2281472,14
119,1572129228,2019_10_26__22_33_48.json,0,83,2,/bin/bash /usr/local/bin/start.sh multibwa.sh /data /data/References/Broad_UMI /data/References/Broad_UMI/Human_RefSeq /data/Aligns 24 20 8,0,0,23,start.sh,2,1,296,2281472,14
120,1572129239,2019_10_26__22_33_59.json,0,83,2,/bin/bash /usr/local/bin/start.sh multibwa.sh /data /data/References/Broad_UMI /data/References/Broad_UMI/Human_RefSeq /data/Aligns 24 20 8,0,0,23,start.sh,2,1,296,2281472,14
121,1572129249,2019_10_26__22_34_09.json,0,83,2,/bin/bash /usr/local/bin/start.sh multibwa.sh /data /data/References/Broad_UMI /data/References/Broad_UMI/Human_RefSeq /data/Aligns 24 20 8,0,0,23,start.sh,2,1,296,2281472,14
122,1572129260,2019_10_26__22_34_20.json,0,83,2,/bin/bash /usr/local/bin/start.sh multibwa.sh /data /data/References/Broad_UMI /data/References/Broad_UMI/Human_RefSeq /data/Aligns 24 20 8,0,0,23,start.sh,2,1,296,2281472,14
123,1572129270,2019_10_26__22_34_30.json,0,83,2,/bin/bash /usr/local/bin/start.sh multibwa.sh /data /data/References/Broad_UMI /data/References/Broad_UMI/Human_RefSeq /data/Aligns 24 20 8,0,0,23,start.sh,2,1,296,2281472,14
124,1572129280,2019_10_26__22_34_40.json,0,83,2,/bin/bash /usr/local/bin/start.sh multibwa.sh /data /data/References/Broad_UMI /data/References/Broad_UMI/Human_RefSeq /data/Aligns 24 20 8,0,0,23,start.sh,2,1,296,2281472,14
125,1572129288,2019_10_26__22_34_48.json,0,83,2,/bin/bash /usr/local/bin/start.sh multibwa.sh /data /data/References/Broad_UMI /data/References/Broad_UMI/Human_RefSeq /data/Aligns 24 20 8,0,0,23,start.sh,2,1,296,2281472,14
126,1572129299,2019_10_26__22_34_59.json,0,83,2,/bin/bash /usr/local/bin/start.sh multibwa.sh /data /data/References/Broad_UMI /data/References/Broad_UMI/Human_RefSeq /data/Aligns 24 20 8,0,0,23,start.sh,2,1,296,2281472,14
127,1572129307,2019_10_26__22_35_07.json,0,83,2,/bin/bash /usr/local/bin/start.sh multibwa.sh /data /data/References/Broad_UMI /data/References/Broad_UMI/Human_RefSeq /data/Aligns 24 20 8,0,0,23,start.sh,2,1,296,2281472,14
128,1572129317,2019_10_26__22_35_17.json,0,83,2,/bin/bash /usr/local/bin/start.sh multibwa.sh /data /data/References/Broad_UMI /data/References/Broad_UMI/Human_RefSeq /data/Aligns 24 20 8,0,0,23,start.sh,2,1,296,2281472,14
129,1572129327,2019_10_26__22_35_27.json,0,83,2,/bin/bash /usr/local/bin/start.sh multibwa.sh /data /data/References/Broad_UMI /data/References/Broad_UMI/Human_RefSeq /data/Aligns 24 20 8,0,0,23,start.sh,2,1,296,2281472,14
130,1572129338,2019_10_26__22_35_38.json,0,83,2,/bin/bash /usr/local/bin/start.sh multibwa.sh /data /data/References/Broad_UMI /data/References/Broad_UMI/Human_RefSeq /data/Aligns 24 20 8,0,0,23,start.sh,2,1,296,2281472,14
131,1572129348,2019_10_26__22_35_48.json,0,83,2,/bin/bash /usr/local/bin/start.sh multibwa.sh /data /data/References/Broad_UMI /data/References/Broad_UMI/Human_RefSeq /data/Aligns 24 20 8,0,0,23,start.sh,2,1,296,2281472,14
132,1572129358,2019_10_26__22_35_58.json,0,83,2,/bin/bash /usr/local/bin/start.sh multibwa.sh /data /data/References/Broad_UMI /data/References/Broad_UMI/Human_RefSeq /data/Aligns 24 20 8,0,0,23,start.sh,2,1,296,2281472,14
133,1572129368,2019_10_26__22_36_08.json,0,83,2,/bin/bash /usr/local/bin/start.sh multibwa.sh /data /data/References/Broad_UMI /data/References/Broad_UMI/Human_RefSeq /data/Aligns 24 20 8,0,0,23,start.sh,2,1,296,2281472,14
134,1572129379,2019_10_26__22_36_19.json,0,83,2,/bin/bash /usr/local/bin/start.sh multibwa.sh /data /data/References/Broad_UMI /data/References/Broad_UMI/Human_RefSeq /data/Aligns 24 20 8,0,0,23,start.sh,2,1,296,2281472,14
135,1572129389,2019_10_26__22_36_29.json,0,83,2,/bin/bash /usr/local/bin/start.sh multibwa.sh /data /data/References/Broad_UMI /data/References/Broad_UMI/Human_RefSeq /data/Aligns 24 20 8,0,0,23,start.sh,2,1,296,2281472,14
136,1572129399,2019_10_26__22_36_39.json,0,83,2,/bin/bash /usr/local/bin/start.sh multibwa.sh /data /data/References/Broad_UMI /data/References/Broad_UMI/Human_RefSeq /data/Aligns 24 20 8,0,0,23,start.sh,2,1,296,2281472,14
137,1572129409,2019_10_26__22_36_49.json,0,83,2,/bin/bash /usr/local/bin/start.sh multibwa.sh /data /data/References/Broad_UMI /data/References/Broad_UMI/Human_RefSeq /data/Aligns 24 20 8,0,0,23,start.sh,2,1,296,2281472,14
138,1572129419,2019_10_26__22_36_59.json,0,83,2,/bin/bash /usr/local/bin/start.sh multibwa.sh /data /data/References/Broad_UMI /data/References/Broad_UMI/Human_RefSeq /data/Aligns 24 20 8,0,0,23,start.sh,2,1,296,2281472,14
139,1572129429,2019_10_26__22_37_09.json,0,83,2,/bin/bash /usr/local/bin/start.sh multibwa.sh /data /data/References/Broad_UMI /data/References/Broad_UMI/Human_RefSeq /data/Aligns 24 20 8,0,0,23,start.sh,2,1,296,2281472,14
140,1572129438,2019_10_26__22_37_18.json,0,83,2,/bin/bash /usr/local/bin/start.sh multibwa.sh /data /data/References/Broad_UMI /data/References/Broad_UMI/Human_RefSeq /data/Aligns 24 20 8,0,0,23,start.sh,2,1,296,2281472,14
141,1572129445,2019_10_26__22_37_25.json,0,83,2,/bin/bash /usr/local/bin/start.sh multibwa.sh /data /data/References/Broad_UMI /data/References/Broad_UMI/Human_RefSeq /data/Aligns 24 20 8,0,0,23,start.sh,2,1,296,2281472,14
142,1572129446,2019_10_26__22_37_26.json,0,83,2,/bin/bash /usr/local/bin/start.sh multibwa.sh /data /data/References/Broad_UMI /data/References/Broad_UMI/Human_RefSeq /data/Aligns 24 20 8,0,0,23,start.sh,2,1,296,2281472,14
143,1572129448,2019_10_26__22_37_28.json,0,83,2,/bin/bash /usr/local/bin/start.sh multibwa.sh /data /data/References/Broad_UMI /data/References/Broad_UMI/Human_RefSeq /data/Aligns 24 20 8,0,0,23,start.sh,2,1,296,2281472,14
144,1572129449,2019_10_26__22_37_29.json,0,83,2,/bin/bash /usr/local/bin/start.sh multibwa.sh /data /data/References/Broad_UMI /data/References/Broad_UMI/Human_RefSeq /data/Aligns 24 20 8,0,0,23,start.sh,2,1,296,2281472,14
145,1572129451,2019_10_26__22_37_31.json,0,83,2,/bin/bash /usr/local/bin/start.sh multibwa.sh /data /data/References/Broad_UMI /data/References/Broad_UMI/Human_RefSeq /data/Aligns 24 20 8,0,0,23,start.sh,2,1,296,2281472,14
146,1572129453,2019_10_26__22_37_33.json,0,83,2,/bin/bash /usr/local/bin/start.sh multibwa.sh /data /data/References/Broad_UMI /data/References/Broad_UMI/Human_RefSeq /data/Aligns 24 20 8,0,0,23,start.sh,2,1,296,2281472,14
147,1572129463,2019_10_26__22_37_43.json,0,83,2,/bin/bash /usr/local/bin/start.sh multibwa.sh /data /data/References/Broad_UMI /data/References/Broad_UMI/Human_RefSeq /data/Aligns 24 20 8,0,0,23,start.sh,2,1,296,2281472,14
148,1572129474,2019_10_26__22_37_54.json,0,83,2,/bin/bash /usr/local/bin/start.sh multibwa.sh /data /data/References/Broad_UMI /data/References/Broad_UMI/Human_RefSeq /data/Aligns 24 20 8,0,0,23,start.sh,2,1,296,2281472,14
149,1572129484,2019_10_26__22_38_04.json,0,83,2,/bin/bash /usr/local/bin/start.sh multibwa.sh /data /data/References/Broad_UMI /data/References/Broad_UMI/Human_RefSeq /data/Aligns 24 20 8,0,0,23,start.sh,2,1,296,2281472,14
150,1572129494,2019_10_26__22_38_14.json,0,1681,104267,/bin/bash /usr/local/bin/start.sh multibwa.sh /data /data/References/Broad_UMI /data/References/Broad_UMI/Human_RefSeq /data/Aligns 24 20 8,0,0,23,start.sh,9,1,297,2281472,24
151,1572129496,2019_10_26__22_38_16.json,0,1681,104267,/bin/bash /usr/local/bin/start.sh multibwa.sh /data /data/References/Broad_UMI /data/References/Broad_UMI/Human_RefSeq /data/Aligns 24 20 8,0,0,23,start.sh,9,1,297,2281472,24
152,1572129501,2019_10_26__22_38_21.json,0,1785,104268,/bin/bash /usr/local/bin/start.sh multibwa.sh /data /data/References/Broad_UMI /data/References/Broad_UMI/Human_RefSeq /data/Aligns 24 20 8,0,0,23,start.sh,9,1,297,2281472,26
153,1572129512,2019_10_26__22_38_32.json,0,1785,104268,/bin/bash /usr/local/bin/start.sh multibwa.sh /data /data/References/Broad_UMI /data/References/Broad_UMI/Human_RefSeq /data/Aligns 24 20 8,0,0,23,start.sh,9,1,297,2281472,26
154,1572129522,2019_10_26__22_38_42.json,0,1785,104268,/bin/bash /usr/local/bin/start.sh multibwa.sh /data /data/References/Broad_UMI /data/References/Broad_UMI/Human_RefSeq /data/Aligns 24 20 8,0,0,23,start.sh,9,1,297,2281472,26
155,1572129533,2019_10_26__22_38_53.json,0,1785,104268,/bin/bash /usr/local/bin/start.sh multibwa.sh /data /data/References/Broad_UMI /data/References/Broad_UMI/Human_RefSeq /data/Aligns 24 20 8,0,0,23,start.sh,9,1,297,2281472,26
156,1572129543,2019_10_26__22_39_03.json,0,1785,104268,/bin/bash /usr/local/bin/start.sh multibwa.sh /data /data/References/Broad_UMI /data/References/Broad_UMI/Human_RefSeq /data/Aligns 24 20 8,0,0,23,start.sh,9,1,297,2281472,26
157,1572129553,2019_10_26__22_39_13.json,0,1785,104268,/bin/bash /usr/local/bin/start.sh multibwa.sh /data /data/References/Broad_UMI /data/References/Broad_UMI/Human_RefSeq /data/Aligns 24 20 8,0,0,23,start.sh,9,1,297,2281472,26
158,1572129564,2019_10_26__22_39_24.json,0,1785,104268,/bin/bash /usr/local/bin/start.sh multibwa.sh /data /data/References/Broad_UMI /data/References/Broad_UMI/Human_RefSeq /data/Aligns 24 20 8,0,0,23,start.sh,9,1,297,2281472,26
159,1572129574,2019_10_26__22_39_34.json,0,1785,104268,/bin/bash /usr/local/bin/start.sh multibwa.sh /data /data/References/Broad_UMI /data/References/Broad_UMI/Human_RefSeq /data/Aligns 24 20 8,0,0,23,start.sh,9,1,297,2281472,26
160,1572129584,2019_10_26__22_39_44.json,0,1785,104268,/bin/bash /usr/local/bin/start.sh multibwa.sh /data /data/References/Broad_UMI /data/References/Broad_UMI/Human_RefSeq /data/Aligns 24 20 8,0,0,23,start.sh,9,1,297,2281472,26
161,1572129594,2019_10_26__22_39_54.json,0,1785,104268,/bin/bash /usr/local/bin/start.sh multibwa.sh /data /data/References/Broad_UMI /data/References/Broad_UMI/Human_RefSeq /data/Aligns 24 20 8,0,0,23,start.sh,9,1,297,2281472,26
162,1572129604,2019_10_26__22_40_04.json,0,1785,104268,/bin/bash /usr/local/bin/start.sh multibwa.sh /data /data/References/Broad_UMI /data/References/Broad_UMI/Human_RefSeq /data/Aligns 24 20 8,0,0,23,start.sh,9,1,297,2281472,26
163,1572129615,2019_10_26__22_40_15.json,0,1785,104268,/bin/bash /usr/local/bin/start.sh multibwa.sh /data /data/References/Broad_UMI /data/References/Broad_UMI/Human_RefSeq /data/Aligns 24 20 8,0,0,23,start.sh,9,1,297,2281472,26
164,1572129625,2019_10_26__22_40_25.json,0,1785,104268,/bin/bash /usr/local/bin/start.sh multibwa.sh /data /data/References/Broad_UMI /data/References/Broad_UMI/Human_RefSeq /data/Aligns 24 20 8,0,0,23,start.sh,9,1,297,2281472,26
165,1572129635,2019_10_26__22_40_35.json,0,1785,104268,/bin/bash /usr/local/bin/start.sh multibwa.sh /data /data/References/Broad_UMI /data/References/Broad_UMI/Human_RefSeq /data/Aligns 24 20 8,0,0,23,start.sh,9,1,297,2281472,26
166,1572129645,2019_10_26__22_40_45.json,0,1785,104268,/bin/bash /usr/local/bin/start.sh multibwa.sh /data /data/References/Broad_UMI /data/References/Broad_UMI/Human_RefSeq /data/Aligns 24 20 8,0,0,23,start.sh,9,1,297,2281472,26
167,1572129655,2019_10_26__22_40_55.json,0,1785,104268,/bin/bash /usr/local/bin/start.sh multibwa.sh /data /data/References/Broad_UMI /data/References/Broad_UMI/Human_RefSeq /data/Aligns 24 20 8,0,0,23,start.sh,9,1,297,2281472,26
168,1572129666,2019_10_26__22_41_06.json,0,1785,104268,/bin/bash /usr/local/bin/start.sh multibwa.sh /data /data/References/Broad_UMI /data/References/Broad_UMI/Human_RefSeq /data/Aligns 24 20 8,0,0,23,start.sh,9,1,297,2281472,26
169,1572129674,2019_10_26__22_41_14.json,0,1785,104268,/bin/bash /usr/local/bin/start.sh multibwa.sh /data /data/References/Broad_UMI /data/References/Broad_UMI/Human_RefSeq /data/Aligns 24 20 8,0,0,23,start.sh,9,1,297,2281472,26
170,1572129679,2019_10_26__22_41_19.json,0,1785,104268,/bin/bash /usr/local/bin/start.sh multibwa.sh /data /data/References/Broad_UMI /data/References/Broad_UMI/Human_RefSeq /data/Aligns 24 20 8,0,0,23,start.sh,9,1,297,2281472,26
171,1572129681,2019_10_26__22_41_21.json,0,1785,104268,/bin/bash /usr/local/bin/start.sh multibwa.sh /data /data/References/Broad_UMI /data/References/Broad_UMI/Human_RefSeq /data/Aligns 24 20 8,0,0,23,start.sh,9,1,297,2281472,26
172,1572129682,2019_10_26__22_41_22.json,0,1785,104268,/bin/bash /usr/local/bin/start.sh multibwa.sh /data /data/References/Broad_UMI /data/References/Broad_UMI/Human_RefSeq /data/Aligns 24 20 8,0,0,23,start.sh,9,1,297,2281472,26
173,1572129684,2019_10_26__22_41_24.json,0,1785,104268,/bin/bash /usr/local/bin/start.sh multibwa.sh /data /data/References/Broad_UMI /data/References/Broad_UMI/Human_RefSeq /data/Aligns 24 20 8,0,0,23,start.sh,9,1,297,2281472,26
174,1572129686,2019_10_26__22_41_26.json,0,1785,104268,/bin/bash /usr/local/bin/start.sh multibwa.sh /data /data/References/Broad_UMI /data/References/Broad_UMI/Human_RefSeq /data/Aligns 24 20 8,0,0,23,start.sh,9,1,297,2281472,26
175,1572129696,2019_10_26__22_41_36.json,0,1785,104268,/bin/bash /usr/local/bin/start.sh multibwa.sh /data /data/References/Broad_UMI /data/References/Broad_UMI/Human_RefSeq /data/Aligns 24 20 8,0,0,23,start.sh,9,1,297,2281472,26
176,1572129706,2019_10_26__22_41_46.json,0,1785,104268,/bin/bash /usr/local/bin/start.sh multibwa.sh /data /data/References/Broad_UMI /data/References/Broad_UMI/Human_RefSeq /data/Aligns 24 20 8,0,0,23,start.sh,9,1,297,2281472,26
177,1572129715,2019_10_26__22_41_55.json,0,1785,104268,/bin/bash /usr/local/bin/start.sh multibwa.sh /data /data/References/Broad_UMI /data/References/Broad_UMI/Human_RefSeq /data/Aligns 24 20 8,0,0,23,start.sh,9,1,297,2281472,26
178,1572129725,2019_10_26__22_42_05.json,0,1785,104268,/bin/bash /usr/local/bin/start.sh multibwa.sh /data /data/References/Broad_UMI /data/References/Broad_UMI/Human_RefSeq /data/Aligns 24 20 8,0,0,23,start.sh,9,1,297,2281472,26
179,1572129736,2019_10_26__22_42_16.json,0,1785,104268,/bin/bash /usr/local/bin/start.sh multibwa.sh /data /data/References/Broad_UMI /data/References/Broad_UMI/Human_RefSeq /data/Aligns 24 20 8,0,0,23,start.sh,9,1,297,2281472,26
180,1572129746,2019_10_26__22_42_26.json,0,1785,104268,/bin/bash /usr/local/bin/start.sh multibwa.sh /data /data/References/Broad_UMI /data/References/Broad_UMI/Human_RefSeq /data/Aligns 24 20 8,0,0,23,start.sh,9,1,297,2281472,26
181,1572129756,2019_10_26__22_42_36.json,0,1785,104268,/bin/bash /usr/local/bin/start.sh multibwa.sh /data /data/References/Broad_UMI /data/References/Broad_UMI/Human_RefSeq /data/Aligns 24 20 8,0,0,23,start.sh,9,1,297,2281472,26
182,1572129766,2019_10_26__22_42_46.json,0,1785,104268,/bin/bash /usr/local/bin/start.sh multibwa.sh /data /data/References/Broad_UMI /data/References/Broad_UMI/Human_RefSeq /data/Aligns 24 20 8,0,0,23,start.sh,9,1,297,2281472,26
183,1572129777,2019_10_26__22_42_57.json,0,1785,104268,/bin/bash /usr/local/bin/start.sh multibwa.sh /data /data/References/Broad_UMI /data/References/Broad_UMI/Human_RefSeq /data/Aligns 24 20 8,0,0,23,start.sh,9,1,297,2281472,26
184,1572129787,2019_10_26__22_43_07.json,0,1785,104268,/bin/bash /usr/local/bin/start.sh multibwa.sh /data /data/References/Broad_UMI /data/References/Broad_UMI/Human_RefSeq /data/Aligns 24 20 8,0,0,23,start.sh,9,1,297,2281472,26
185,1572129797,2019_10_26__22_43_17.json,0,1785,104268,/bin/bash /usr/local/bin/start.sh multibwa.sh /data /data/References/Broad_UMI /data/References/Broad_UMI/Human_RefSeq /data/Aligns 24 20 8,0,0,23,start.sh,9,1,297,2281472,26
186,1572129807,2019_10_26__22_43_27.json,0,1785,104268,/bin/bash /usr/local/bin/start.sh multibwa.sh /data /data/References/Broad_UMI /data/References/Broad_UMI/Human_RefSeq /data/Aligns 24 20 8,0,0,23,start.sh,9,1,297,2281472,26
187,1572129817,2019_10_26__22_43_37.json,0,1785,104268,/bin/bash /usr/local/bin/start.sh multibwa.sh /data /data/References/Broad_UMI /data/References/Broad_UMI/Human_RefSeq /data/Aligns 24 20 8,0,0,23,start.sh,9,1,297,2281472,26
188,1572129828,2019_10_26__22_43_48.json,0,1785,104268,/bin/bash /usr/local/bin/start.sh multibwa.sh /data /data/References/Broad_UMI /data/References/Broad_UMI/Human_RefSeq /data/Aligns 24 20 8,0,0,23,start.sh,9,1,297,2281472,26
189,1572129838,2019_10_26__22_43_58.json,0,1785,104268,/bin/bash /usr/local/bin/start.sh multibwa.sh /data /data/References/Broad_UMI /data/References/Broad_UMI/Human_RefSeq /data/Aligns 24 20 8,0,0,23,start.sh,9,1,297,2281472,26
190,1572129848,2019_10_26__22_44_08.json,0,1785,104268,/bin/bash /usr/local/bin/start.sh multibwa.sh /data /data/References/Broad_UMI /data/References/Broad_UMI/Human_RefSeq /data/Aligns 24 20 8,0,0,23,start.sh,9,1,297,2281472,26
191,1572129858,2019_10_26__22_44_18.json,0,1785,104268,/bin/bash /usr/local/bin/start.sh multibwa.sh /data /data/References/Broad_UMI /data/References/Broad_UMI/Human_RefSeq /data/Aligns 24 20 8,0,0,23,start.sh,9,1,297,2281472,26
192,1572129869,2019_10_26__22_44_29.json,0,1785,104268,/bin/bash /usr/local/bin/start.sh multibwa.sh /data /data/References/Broad_UMI /data/References/Broad_UMI/Human_RefSeq /data/Aligns 24 20 8,0,0,23,start.sh,9,1,297,2281472,26
193,1572129879,2019_10_26__22_44_39.json,0,1785,104268,/bin/bash /usr/local/bin/start.sh multibwa.sh /data /data/References/Broad_UMI /data/References/Broad_UMI/Human_RefSeq /data/Aligns 24 20 8,0,0,23,start.sh,9,1,297,2281472,26
194,1572129888,2019_10_26__22_44_48.json,0,1785,104268,/bin/bash /usr/local/bin/start.sh multibwa.sh /data /data/References/Broad_UMI /data/References/Broad_UMI/Human_RefSeq /data/Aligns 24 20 8,0,0,23,start.sh,9,1,297,2281472,26
195,1572129895,2019_10_26__22_44_55.json,0,1785,104268,/bin/bash /usr/local/bin/start.sh multibwa.sh /data /data/References/Broad_UMI /data/References/Broad_UMI/Human_RefSeq /data/Aligns 24 20 8,0,0,23,start.sh,9,1,297,2281472,26
196,1572129906,2019_10_26__22_45_06.json,0,1785,104268,/bin/bash /usr/local/bin/start.sh multibwa.sh /data /data/References/Broad_UMI /data/References/Broad_UMI/Human_RefSeq /data/Aligns 24 20 8,0,0,23,start.sh,9,1,297,2281472,26
197,1572129916,2019_10_26__22_45_16.json,0,1785,104268,/bin/bash /usr/local/bin/start.sh multibwa.sh /data /data/References/Broad_UMI /data/References/Broad_UMI/Human_RefSeq /data/Aligns 24 20 8,0,0,23,start.sh,9,1,297,2281472,26
198,1572129926,2019_10_26__22_45_26.json,0,1785,104268,/bin/bash /usr/local/bin/start.sh multibwa.sh /data /data/References/Broad_UMI /data/References/Broad_UMI/Human_RefSeq /data/Aligns 24 20 8,0,0,23,start.sh,9,1,297,2281472,26
199,1572129937,2019_10_26__22_45_37.json,0,1785,104268,/bin/bash /usr/local/bin/start.sh multibwa.sh /data /data/References/Broad_UMI /data/References/Broad_UMI/Human_RefSeq /data/Aligns 24 20 8,0,0,23,start.sh,9,1,297,2281472,26
200,1572129947,2019_10_26__22_45_47.json,0,1785,104268,/bin/bash /usr/local/bin/start.sh multibwa.sh /data /data/References/Broad_UMI /data/References/Broad_UMI/Human_RefSeq /data/Aligns 24 20 8,0,0,23,start.sh,9,1,297,2281472,26
201,1572129957,2019_10_26__22_45_57.json,0,1785,104268,/bin/bash /usr/local/bin/start.sh multibwa.sh /data /data/References/Broad_UMI /data/References/Broad_UMI/Human_RefSeq /data/Aligns 24 20 8,0,0,23,start.sh,9,1,297,2281472,26
202,1572129967,2019_10_26__22_46_07.json,0,1785,104268,/bin/bash /usr/local/bin/start.sh multibwa.sh /data /data/References/Broad_UMI /data/References/Broad_UMI/Human_RefSeq /data/Aligns 24 20 8,0,0,23,start.sh,9,1,297,2281472,26
203,1572129977,2019_10_26__22_46_17.json,0,1785,104268,/bin/bash /usr/local/bin/start.sh multibwa.sh /data /data/References/Broad_UMI /data/References/Broad_UMI/Human_RefSeq /data/Aligns 24 20 8,0,0,23,start.sh,9,1,297,2281472,26
204,1572129988,2019_10_26__22_46_28.json,0,1785,104268,/bin/bash /usr/local/bin/start.sh multibwa.sh /data /data/References/Broad_UMI /data/References/Broad_UMI/Human_RefSeq /data/Aligns 24 20 8,0,0,23,start.sh,9,1,297,2281472,26
205,1572129998,2019_10_26__22_46_38.json,0,1785,104268,/bin/bash /usr/local/bin/start.sh multibwa.sh /data /data/References/Broad_UMI /data/References/Broad_UMI/Human_RefSeq /data/Aligns 24 20 8,0,0,23,start.sh,9,1,297,2281472,26
206,1572130008,2019_10_26__22_46_48.json,0,1785,104268,/bin/bash /usr/local/bin/start.sh multibwa.sh /data /data/References/Broad_UMI /data/References/Broad_UMI/Human_RefSeq /data/Aligns 24 20 8,0,0,23,start.sh,9,1,297,2281472,26
207,1572130018,2019_10_26__22_46_58.json,0,1785,104268,/bin/bash /usr/local/bin/start.sh multibwa.sh /data /data/References/Broad_UMI /data/References/Broad_UMI/Human_RefSeq /data/Aligns 24 20 8,0,0,23,start.sh,9,1,297,2281472,26
208,1572130029,2019_10_26__22_47_09.json,0,1785,104268,/bin/bash /usr/local/bin/start.sh multibwa.sh /data /data/References/Broad_UMI /data/References/Broad_UMI/Human_RefSeq /data/Aligns 24 20 8,0,0,23,start.sh,9,1,297,2281472,26
209,1572130039,2019_10_26__22_47_19.json,0,1785,104268,/bin/bash /usr/local/bin/start.sh multibwa.sh /data /data/References/Broad_UMI /data/References/Broad_UMI/Human_RefSeq /data/Aligns 24 20 8,0,0,23,start.sh,9,1,297,2281472,26
210,1572130049,2019_10_26__22_47_29.json,0,1785,104268,/bin/bash /usr/local/bin/start.sh multibwa.sh /data /data/References/Broad_UMI /data/References/Broad_UMI/Human_RefSeq /data/Aligns 24 20 8,0,0,23,start.sh,9,1,297,2281472,26
211,1572130059,2019_10_26__22_47_39.json,0,1785,104268,/bin/bash /usr/local/bin/start.sh multibwa.sh /data /data/References/Broad_UMI /data/References/Broad_UMI/Human_RefSeq /data/Aligns 24 20 8,0,0,23,start.sh,9,1,297,2281472,26
212,1572130063,2019_10_26__22_47_43.json,0,1785,104268,/bin/bash /usr/local/bin/start.sh multibwa.sh /data /data/References/Broad_UMI /data/References/Broad_UMI/Human_RefSeq /data/Aligns 24 20 8,0,0,23,start.sh,9,1,297,2281472,26
213,1572130072,2019_10_26__22_47_52.json,0,1785,104268,/bin/bash /usr/local/bin/start.sh multibwa.sh /data /data/References/Broad_UMI /data/References/Broad_UMI/Human_RefSeq /data/Aligns 24 20 8,0,0,23,start.sh,9,1,297,2281472,26
214,1572130082,2019_10_26__22_48_02.json,0,1785,104268,/bin/bash /usr/local/bin/start.sh multibwa.sh /data /data/References/Broad_UMI /data/References/Broad_UMI/Human_RefSeq /data/Aligns 24 20 8,0,0,23,start.sh,9,1,297,2281472,26
215,1572130093,2019_10_26__22_48_13.json,0,1785,104268,/bin/bash /usr/local/bin/start.sh multibwa.sh /data /data/References/Broad_UMI /data/References/Broad_UMI/Human_RefSeq /data/Aligns 24 20 8,0,0,23,start.sh,9,1,297,2281472,26
216,1572130103,2019_10_26__22_48_23.json,0,1785,104268,/bin/bash /usr/local/bin/start.sh multibwa.sh /data /data/References/Broad_UMI /data/References/Broad_UMI/Human_RefSeq /data/Aligns 24 20 8,0,0,23,start.sh,9,1,297,2281472,26
217,1572130109,2019_10_26__22_48_29.json,0,1785,104268,/bin/bash /usr/local/bin/start.sh multibwa.sh /data /data/References/Broad_UMI /data/References/Broad_UMI/Human_RefSeq /data/Aligns 24 20 8,0,0,23,start.sh,9,1,297,2281472,26
218,1572130111,2019_10_26__22_48_31.json,0,1785,104268,/bin/bash /usr/local/bin/start.sh multibwa.sh /data /data/References/Broad_UMI /data/References/Broad_UMI/Human_RefSeq /data/Aligns 24 20 8,0,0,23,start.sh,9,1,297,2281472,26
219,1572130121,2019_10_26__22_48_41.json,0,1785,104268,/bin/bash /usr/local/bin/start.sh multibwa.sh /data /data/References/Broad_UMI /data/References/Broad_UMI/Human_RefSeq /data/Aligns 24 20 8,0,0,23,start.sh,9,1,297,2281472,26
220,1572130131,2019_10_26__22_48_51.json,0,1785,104268,/bin/bash /usr/local/bin/start.sh multibwa.sh /data /data/References/Broad_UMI /data/References/Broad_UMI/Human_RefSeq /data/Aligns 24 20 8,0,0,23,start.sh,9,1,297,2281472,26
221,1572130141,2019_10_26__22_49_01.json,0,1785,104268,/bin/bash /usr/local/bin/start.sh multibwa.sh /data /data/References/Broad_UMI /data/References/Broad_UMI/Human_RefSeq /data/Aligns 24 20 8,0,0,23,start.sh,9,1,297,2281472,26
222,1572130151,2019_10_26__22_49_11.json,0,1785,104268,/bin/bash /usr/local/bin/start.sh multibwa.sh /data /data/References/Broad_UMI /data/References/Broad_UMI/Human_RefSeq /data/Aligns 24 20 8,0,0,23,start.sh,9,1,297,2281472,26
223,1572130161,2019_10_26__22_49_21.json,0,1785,104268,/bin/bash /usr/local/bin/start.sh multibwa.sh /data /data/References/Broad_UMI /data/References/Broad_UMI/Human_RefSeq /data/Aligns 24 20 8,0,0,23,start.sh,9,1,297,2281472,26
224,1572130171,2019_10_26__22_49_31.json,0,1785,104268,/bin/bash /usr/local/bin/start.sh multibwa.sh /data /data/References/Broad_UMI /data/References/Broad_UMI/Human_RefSeq /data/Aligns 24 20 8,0,0,23,start.sh,9,1,297,2281472,26
225,1572130182,2019_10_26__22_49_42.json,0,1785,104268,/bin/bash /usr/local/bin/start.sh multibwa.sh /data /data/References/Broad_UMI /data/References/Broad_UMI/Human_RefSeq /data/Aligns 24 20 8,0,0,23,start.sh,9,1,297,2281472,26
226,1572130192,2019_10_26__22_49_52.json,0,1785,104268,/bin/bash /usr/local/bin/start.sh multibwa.sh /data /data/References/Broad_UMI /data/References/Broad_UMI/Human_RefSeq /data/Aligns 24 20 8,0,0,23,start.sh,9,1,297,2281472,26
227,1572130203,2019_10_26__22_50_03.json,0,1785,104268,/bin/bash /usr/local/bin/start.sh multibwa.sh /data /data/References/Broad_UMI /data/References/Broad_UMI/Human_RefSeq /data/Aligns 24 20 8,0,0,23,start.sh,9,1,297,2281472,26
228,1572130213,2019_10_26__22_50_13.json,0,1785,104268,/bin/bash /usr/local/bin/start.sh multibwa.sh /data /data/References/Broad_UMI /data/References/Broad_UMI/Human_RefSeq /data/Aligns 24 20 8,0,0,23,start.sh,9,1,297,2281472,26
229,1572130224,2019_10_26__22_50_24.json,0,1785,104268,/bin/bash /usr/local/bin/start.sh multibwa.sh /data /data/References/Broad_UMI /data/References/Broad_UMI/Human_RefSeq /data/Aligns 24 20 8,0,0,23,start.sh,9,1,297,2281472,26
230,1572130234,2019_10_26__22_50_34.json,0,1785,104268,/bin/bash /usr/local/bin/start.sh multibwa.sh /data /data/References/Broad_UMI /data/References/Broad_UMI/Human_RefSeq /data/Aligns 24 20 8,0,0,23,start.sh,9,1,297,2281472,26
231,1572130244,2019_10_26__22_50_44.json,0,1785,104268,/bin/bash /usr/local/bin/start.sh multibwa.sh /data /data/References/Broad_UMI /data/References/Broad_UMI/Human_RefSeq /data/Aligns 24 20 8,0,0,23,start.sh,9,1,297,2281472,26
232,1572130254,2019_10_26__22_50_54.json,0,1785,104268,/bin/bash /usr/local/bin/start.sh multibwa.sh /data /data/References/Broad_UMI /data/References/Broad_UMI/Human_RefSeq /data/Aligns 24 20 8,0,0,23,start.sh,9,1,297,2281472,26
233,1572130265,2019_10_26__22_51_04.json,0,1785,104268,/bin/bash /usr/local/bin/start.sh multibwa.sh /data /data/References/Broad_UMI /data/References/Broad_UMI/Human_RefSeq /data/Aligns 24 20 8,0,0,23,start.sh,9,1,297,2281472,26
234,1572130275,2019_10_26__22_51_15.json,0,1785,104268,/bin/bash /usr/local/bin/start.sh multibwa.sh /data /data/References/Broad_UMI /data/References/Broad_UMI/Human_RefSeq /data/Aligns 24 20 8,0,0,23,start.sh,9,1,297,2281472,26
235,1572130285,2019_10_26__22_51_25.json,0,1785,104268,/bin/bash /usr/local/bin/start.sh multibwa.sh /data /data/References/Broad_UMI /data/References/Broad_UMI/Human_RefSeq /data/Aligns 24 20 8,0,0,23,start.sh,9,1,297,2281472,26
236,1572130295,2019_10_26__22_51_35.json,0,1785,104268,/bin/bash /usr/local/bin/start.sh multibwa.sh /data /data/References/Broad_UMI /data/References/Broad_UMI/Human_RefSeq /data/Aligns 24 20 8,0,0,23,start.sh,9,1,297,2281472,26
237,1572130305,2019_10_26__22_51_45.json,0,1785,104268,/bin/bash /usr/local/bin/start.sh multibwa.sh /data /data/References/Broad_UMI /data/References/Broad_UMI/Human_RefSeq /data/Aligns 24 20 8,0,0,23,start.sh,9,1,297,2281472,26
238,1572130315,2019_10_26__22_51_55.json,0,1785,104268,/bin/bash /usr/local/bin/start.sh multibwa.sh /data /data/References/Broad_UMI /data/References/Broad_UMI/Human_RefSeq /data/Aligns 24 20 8,0,0,23,start.sh,9,1,297,2281472,26
239,1572130325,2019_10_26__22_52_05.json,0,1785,104268,/bin/bash /usr/local/bin/start.sh multibwa.sh /data /data/References/Broad_UMI /data/References/Broad_UMI/Human_RefSeq /data/Aligns 24 20 8,0,0,23,start.sh,9,1,297,2281472,26
240,1572130335,2019_10_26__22_52_15.json,0,1785,104268,/bin/bash /usr/local/bin/start.sh multibwa.sh /data /data/References/Broad_UMI /data/References/Broad_UMI/Human_RefSeq /data/Aligns 24 20 8,0,0,23,start.sh,9,1,297,2281472,26
241,1572130346,2019_10_26__22_52_26.json,0,1785,104268,/bin/bash /usr/local/bin/start.sh multibwa.sh /data /data/References/Broad_UMI /data/References/Broad_UMI/Human_RefSeq /data/Aligns 24 20 8,0,0,23,start.sh,9,1,297,2281472,26
242,1572130356,2019_10_26__22_52_36.json,0,1785,104268,/bin/bash /usr/local/bin/start.sh multibwa.sh /data /data/References/Broad_UMI /data/References/Broad_UMI/Human_RefSeq /data/Aligns 24 20 8,0,0,23,start.sh,9,1,297,2281472,26
243,1572130366,2019_10_26__22_52_46.json,0,1785,104268,/bin/bash /usr/local/bin/start.sh multibwa.sh /data /data/References/Broad_UMI /data/References/Broad_UMI/Human_RefSeq /data/Aligns 24 20 8,0,0,23,start.sh,9,1,297,2281472,26
244,1572130376,2019_10_26__22_52_56.json,0,1785,104268,/bin/bash /usr/local/bin/start.sh multibwa.sh /data /data/References/Broad_UMI /data/References/Broad_UMI/Human_RefSeq /data/Aligns 24 20 8,0,0,23,start.sh,9,1,297,2281472,26
245,1572130386,2019_10_26__22_53_06.json,0,1785,104268,/bin/bash /usr/local/bin/start.sh multibwa.sh /data /data/References/Broad_UMI /data/References/Broad_UMI/Human_RefSeq /data/Aligns 24 20 8,0,0,23,start.sh,9,1,297,2281472,26
246,1572130397,2019_10_26__22_53_17.json,0,1785,104268,/bin/bash /usr/local/bin/start.sh multibwa.sh /data /data/References/Broad_UMI /data/References/Broad_UMI/Human_RefSeq /data/Aligns 24 20 8,0,0,23,start.sh,9,1,297,2281472,26
247,1572130407,2019_10_26__22_53_27.json,0,1785,104268,/bin/bash /usr/local/bin/start.sh multibwa.sh /data /data/References/Broad_UMI /data/References/Broad_UMI/Human_RefSeq /data/Aligns 24 20 8,0,0,23,start.sh,9,1,297,2281472,26
248,1572130417,2019_10_26__22_53_37.json,0,1785,104268,/bin/bash /usr/local/bin/start.sh multibwa.sh /data /data/References/Broad_UMI /data/References/Broad_UMI/Human_RefSeq /data/Aligns 24 20 8,0,0,23,start.sh,9,1,297,2281472,26
249,1572130427,2019_10_26__22_53_47.json,0,1785,104268,/bin/bash /usr/local/bin/start.sh multibwa.sh /data /data/References/Broad_UMI /data/References/Broad_UMI/Human_RefSeq /data/Aligns 24 20 8,0,0,23,start.sh,9,1,297,2281472,26
250,1572130437,2019_10_26__22_53_57.json,0,1785,104268,/bin/bash /usr/local/bin/start.sh multibwa.sh /data /data/References/Broad_UMI /data/References/Broad_UMI/Human_RefSeq /data/Aligns 24 20 8,0,0,23,start.sh,9,1,297,2281472,26
251,1572130447,2019_10_26__22_54_07.json,0,1785,104268,/bin/bash /usr/local/bin/start.sh multibwa.sh /data /data/References/Broad_UMI /data/References/Broad_UMI/Human_RefSeq /data/Aligns 24 20 8,0,0,23,start.sh,9,1,297,2281472,26
252,1572130458,2019_10_26__22_54_18.json,0,1785,104268,/bin/bash /usr/local/bin/start.sh multibwa.sh /data /data/References/Broad_UMI /data/References/Broad_UMI/Human_RefSeq /data/Aligns 24 20 8,0,0,23,start.sh,9,1,297,2281472,26
253,1572130468,2019_10_26__22_54_28.json,0,1785,104268,/bin/bash /usr/local/bin/start.sh multibwa.sh /data /data/References/Broad_UMI /data/References/Broad_UMI/Human_RefSeq /data/Aligns 24 20 8,0,0,23,start.sh,9,1,297,2281472,26
254,1572130478,2019_10_26__22_54_38.json,0,1785,104268,/bin/bash /usr/local/bin/start.sh multibwa.sh /data /data/References/Broad_UMI /data/References/Broad_UMI/Human_RefSeq /data/Aligns 24 20 8,0,0,23,start.sh,9,1,297,2281472,26
255,1572130488,2019_10_26__22_54_48.json,0,1785,104268,/bin/bash /usr/local/bin/start.sh multibwa.sh /data /data/References/Broad_UMI /data/References/Broad_UMI/Human_RefSeq /data/Aligns 24 20 8,0,0,23,start.sh,9,1,297,2281472,26
256,1572130499,2019_10_26__22_54_59.json,0,1785,104268,/bin/bash /usr/local/bin/start.sh multibwa.sh /data /data/References/Broad_UMI /data/References/Broad_UMI/Human_RefSeq /data/Aligns 24 20 8,0,0,23,start.sh,9,1,297,2281472,26
257,1572130509,2019_10_26__22_55_09.json,0,1785,104268,/bin/bash /usr/local/bin/start.sh multibwa.sh /data /data/References/Broad_UMI /data/References/Broad_UMI/Human_RefSeq /data/Aligns 24 20 8,0,0,23,start.sh,9,1,297,2281472,26
258,1572130519,2019_10_26__22_55_19.json,0,1785,104268,/bin/bash /usr/local/bin/start.sh multibwa.sh /data /data/References/Broad_UMI /data/References/Broad_UMI/Human_RefSeq /data/Aligns 24 20 8,0,0,23,start.sh,9,1,297,2281472,26
259,1572130530,2019_10_26__22_55_30.json,0,1785,104268,/bin/bash /usr/local/bin/start.sh multibwa.sh /data /data/References/Broad_UMI /data/References/Broad_UMI/Human_RefSeq /data/Aligns 24 20 8,0,0,23,start.sh,9,1,297,2281472,26
260,1572130535,2019_10_26__22_55_35.json,0,1785,104268,/bin/bash /usr/local/bin/start.sh multibwa.sh /data /data/References/Broad_UMI /data/References/Broad_UMI/Human_RefSeq /data/Aligns 24 20 8,0,0,23,start.sh,9,1,297,2281472,26
261,1572130543,2019_10_26__22_55_43.json,0,1785,104268,/bin/bash /usr/local/bin/start.sh multibwa.sh /data /data/References/Broad_UMI /data/References/Broad_UMI/Human_RefSeq /data/Aligns 24 20 8,0,0,23,start.sh,9,1,297,2281472,26
262,1572130554,2019_10_26__22_55_54.json,0,1785,104268,/bin/bash /usr/local/bin/start.sh multibwa.sh /data /data/References/Broad_UMI /data/References/Broad_UMI/Human_RefSeq /data/Aligns 24 20 8,0,0,23,start.sh,9,1,297,2281472,26
263,1572130564,2019_10_26__22_56_04.json,0,1785,104268,/bin/bash /usr/local/bin/start.sh multibwa.sh /data /data/References/Broad_UMI /data/References/Broad_UMI/Human_RefSeq /data/Aligns 24 20 8,0,0,23,start.sh,9,1,297,2281472,26
264,1572130574,2019_10_26__22_56_14.json,0,1785,104268,/bin/bash /usr/local/bin/start.sh multibwa.sh /data /data/References/Broad_UMI /data/References/Broad_UMI/Human_RefSeq /data/Aligns 24 20 8,0,0,23,start.sh,9,1,297,2281472,26
265,1572130585,2019_10_26__22_56_25.json,0,1785,104268,/bin/bash /usr/local/bin/start.sh multibwa.sh /data /data/References/Broad_UMI /data/References/Broad_UMI/Human_RefSeq /data/Aligns 24 20 8,0,0,23,start.sh,9,1,297,2281472,26
266,1572130595,2019_10_26__22_56_35.json,0,1785,104268,/bin/bash /usr/local/bin/start.sh multibwa.sh /data /data/References/Broad_UMI /data/References/Broad_UMI/Human_RefSeq /data/Aligns 24 20 8,0,0,23,start.sh,9,1,297,2281472,26
267,1572130605,2019_10_26__22_56_45.json,0,1785,104268,/bin/bash /usr/local/bin/start.sh multibwa.sh /data /data/References/Broad_UMI /data/References/Broad_UMI/Human_RefSeq /data/Aligns 24 20 8,0,0,23,start.sh,9,1,297,2281472,26
268,1572130616,2019_10_26__22_56_55.json,0,1785,104268,/bin/bash /usr/local/bin/start.sh multibwa.sh /data /data/References/Broad_UMI /data/References/Broad_UMI/Human_RefSeq /data/Aligns 24 20 8,0,0,23,start.sh,9,1,297,2281472,26
269,1572130626,2019_10_26__22_57_06.json,0,1785,104268,/bin/bash /usr/local/bin/start.sh multibwa.sh /data /data/References/Broad_UMI /data/References/Broad_UMI/Human_RefSeq /data/Aligns 24 20 8,0,0,23,start.sh,9,1,297,2281472,26
270,1572130636,2019_10_26__22_57_16.json,0,1785,104268,/bin/bash /usr/local/bin/start.sh multibwa.sh /data /data/References/Broad_UMI /data/References/Broad_UMI/Human_RefSeq /data/Aligns 24 20 8,0,0,23,start.sh,9,1,297,2281472,26
271,1572130646,2019_10_26__22_57_26.json,0,1785,104268,/bin/bash /usr/local/bin/start.sh multibwa.sh /data /data/References/Broad_UMI /data/References/Broad_UMI/Human_RefSeq /data/Aligns 24 20 8,0,0,23,start.sh,9,1,297,2281472,26
272,1572130656,2019_10_26__22_57_36.json,0,1785,104268,/bin/bash /usr/local/bin/start.sh multibwa.sh /data /data/References/Broad_UMI /data/References/Broad_UMI/Human_RefSeq /data/Aligns 24 20 8,0,0,23,start.sh,9,1,297,2281472,26
273,1572130666,2019_10_26__22_57_46.json,0,1785,104268,/bin/bash /usr/local/bin/start.sh multibwa.sh /data /data/References/Broad_UMI /data/References/Broad_UMI/Human_RefSeq /data/Aligns 24 20 8,0,0,23,start.sh,9,1,297,2281472,26
274,1572130676,2019_10_26__22_57_56.json,0,3489,219219,/bin/bash /usr/local/bin/start.sh multibwa.sh /data /data/References/Broad_UMI /data/References/Broad_UMI/Human_RefSeq /data/Aligns 24 20 8,0,0,23,start.sh,15,1,297,2281472,36
275,1572130679,2019_10_26__22_57_59.json,0,3583,219219,/bin/bash /usr/local/bin/start.sh multibwa.sh /data /data/References/Broad_UMI /data/References/Broad_UMI/Human_RefSeq /data/Aligns 24 20 8,0,0,23,start.sh,15,1,274,2281472,38
276,1572130688,2019_10_26__22_58_08.json,0,3583,219219,/bin/bash /usr/local/bin/start.sh multibwa.sh /data /data/References/Broad_UMI /data/References/Broad_UMI/Human_RefSeq /data/Aligns 24 20 8,0,0,23,start.sh,15,1,274,2281472,38
277,1572130698,2019_10_26__22_58_18.json,0,3583,219219,/bin/bash /usr/local/bin/start.sh multibwa.sh /data /data/References/Broad_UMI /data/References/Broad_UMI/Human_RefSeq /data/Aligns 24 20 8,0,0,23,start.sh,15,1,170,2281472,38
278,1572130706,2019_10_26__22_58_26.json,0,3583,219219,/bin/bash /usr/local/bin/start.sh multibwa.sh /data /data/References/Broad_UMI /data/References/Broad_UMI/Human_RefSeq /data/Aligns 24 20 8,0,0,23,start.sh,15,1,170,2281472,38
279,1572130711,2019_10_26__22_58_31.json,0,3583,219219,/bin/bash /usr/local/bin/start.sh multibwa.sh /data /data/References/Broad_UMI /data/References/Broad_UMI/Human_RefSeq /data/Aligns 24 20 8,0,0,23,start.sh,15,1,170,2281472,38
280,1572130713,2019_10_26__22_58_33.json,0,3583,219219,/bin/bash /usr/local/bin/start.sh multibwa.sh /data /data/References/Broad_UMI /data/References/Broad_UMI/Human_RefSeq /data/Aligns 24 20 8,0,0,23,start.sh,15,1,170,2281472,38
281,1572130723,2019_10_26__22_58_43.json,0,3583,219219,/bin/bash /usr/local/bin/start.sh multibwa.sh /data /data/References/Broad_UMI /data/References/Broad_UMI/Human_RefSeq /data/Aligns 24 20 8,0,0,23,start.sh,15,1,170,2281472,38
282,1572130733,2019_10_26__22_58_53.json,0,3583,219219,/bin/bash /usr/local/bin/start.sh multibwa.sh /data /data/References/Broad_UMI /data/References/Broad_UMI/Human_RefSeq /data/Aligns 24 20 8,0,0,23,start.sh,15,1,170,2281472,38
283,1572130744,2019_10_26__22_59_04.json,0,3583,219219,/bin/bash /usr/local/bin/start.sh multibwa.sh /data /data/References/Broad_UMI /data/References/Broad_UMI/Human_RefSeq /data/Aligns 24 20 8,0,0,23,start.sh,15,1,170,2281472,38
284,1572130754,2019_10_26__22_59_14.json,0,3583,219219,/bin/bash /usr/local/bin/start.sh multibwa.sh /data /data/References/Broad_UMI /data/References/Broad_UMI/Human_RefSeq /data/Aligns 24 20 8,0,0,23,start.sh,15,1,170,2281472,38
285,1572130764,2019_10_26__22_59_24.json,0,3583,219219,/bin/bash /usr/local/bin/start.sh multibwa.sh /data /data/References/Broad_UMI /data/References/Broad_UMI/Human_RefSeq /data/Aligns 24 20 8,0,0,23,start.sh,15,1,170,2281472,38
286,1572130774,2019_10_26__22_59_34.json,0,3583,219219,/bin/bash /usr/local/bin/start.sh multibwa.sh /data /data/References/Broad_UMI /data/References/Broad_UMI/Human_RefSeq /data/Aligns 24 20 8,0,0,23,start.sh,15,1,170,2281472,38
287,1572130785,2019_10_26__22_59_45.json,0,3583,219219,/bin/bash /usr/local/bin/start.sh multibwa.sh /data /data/References/Broad_UMI /data/References/Broad_UMI/Human_RefSeq /data/Aligns 24 20 8,0,0,23,start.sh,15,1,170,2281472,38
288,1572130795,2019_10_26__22_59_55.json,0,3583,219219,/bin/bash /usr/local/bin/start.sh multibwa.sh /data /data/References/Broad_UMI /data/References/Broad_UMI/Human_RefSeq /data/Aligns 24 20 8,0,0,23,start.sh,15,1,170,2281472,38
289,1572130805,2019_10_26__23_00_05.json,0,3583,219219,/bin/bash /usr/local/bin/start.sh multibwa.sh /data /data/References/Broad_UMI /data/References/Broad_UMI/Human_RefSeq /data/Aligns 24 20 8,0,0,23,start.sh,15,1,170,2281472,38
290,1572130815,2019_10_26__23_00_15.json,0,3583,219219,/bin/bash /usr/local/bin/start.sh multibwa.sh /data /data/References/Broad_UMI /data/References/Broad_UMI/Human_RefSeq /data/Aligns 24 20 8,0,0,23,start.sh,15,1,170,2281472,38
291,1572130826,2019_10_26__23_00_26.json,0,3583,219219,/bin/bash /usr/local/bin/start.sh multibwa.sh /data /data/References/Broad_UMI /data/References/Broad_UMI/Human_RefSeq /data/Aligns 24 20 8,0,0,23,start.sh,15,1,170,2281472,38
292,1572130836,2019_10_26__23_00_36.json,0,3583,219219,/bin/bash /usr/local/bin/start.sh multibwa.sh /data /data/References/Broad_UMI /data/References/Broad_UMI/Human_RefSeq /data/Aligns 24 20 8,0,0,23,start.sh,15,1,170,2281472,38
293,1572130846,2019_10_26__23_00_46.json,0,3583,219219,/bin/bash /usr/local/bin/start.sh multibwa.sh /data /data/References/Broad_UMI /data/References/Broad_UMI/Human_RefSeq /data/Aligns 24 20 8,0,0,23,start.sh,15,1,170,2281472,38
294,1572130856,2019_10_26__23_00_56.json,0,3583,219219,/bin/bash /usr/local/bin/start.sh multibwa.sh /data /data/References/Broad_UMI /data/References/Broad_UMI/Human_RefSeq /data/Aligns 24 20 8,0,0,23,start.sh,15,1,170,2281472,38
295,1572130866,2019_10_26__23_01_06.json,0,3583,219219,/bin/bash /usr/local/bin/start.sh multibwa.sh /data /data/References/Broad_UMI /data/References/Broad_UMI/Human_RefSeq /data/Aligns 24 20 8,0,0,23,start.sh,15,1,170,2281472,38
296,1572130877,2019_10_26__23_01_17.json,0,3583,219219,/bin/bash /usr/local/bin/start.sh multibwa.sh /data /data/References/Broad_UMI /data/References/Broad_UMI/Human_RefSeq /data/Aligns 24 20 8,0,0,23,start.sh,15,1,170,2281472,38
297,1572130887,2019_10_26__23_01_27.json,0,3583,219219,/bin/bash /usr/local/bin/start.sh multibwa.sh /data /data/References/Broad_UMI /data/References/Broad_UMI/Human_RefSeq /data/Aligns 24 20 8,0,0,23,start.sh,15,1,170,2281472,38
298,1572130898,2019_10_26__23_01_38.json,0,3583,219219,/bin/bash /usr/local/bin/start.sh multibwa.sh /data /data/References/Broad_UMI /data/References/Broad_UMI/Human_RefSeq /data/Aligns 24 20 8,0,0,23,start.sh,15,1,170,2281472,38
299,1572130908,2019_10_26__23_01_48.json,0,3583,219219,/bin/bash /usr/local/bin/start.sh multibwa.sh /data /data/References/Broad_UMI /data/References/Broad_UMI/Human_RefSeq /data/Aligns 24 20 8,0,0,23,start.sh,15,1,170,2281472,38
300,1572130918,2019_10_26__23_01_58.json,0,3583,219219,/bin/bash /usr/local/bin/start.sh multibwa.sh /data /data/References/Broad_UMI /data/References/Broad_UMI/Human_RefSeq /data/Aligns 24 20 8,0,0,23,start.sh,15,1,170,2281472,38
301,1572130926,2019_10_26__23_02_06.json,0,3583,219219,/bin/bash /usr/local/bin/start.sh multibwa.sh /data /data/References/Broad_UMI /data/References/Broad_UMI/Human_RefSeq /data/Aligns 24 20 8,0,0,23,start.sh,15,1,170,2281472,38
302,1572130931,2019_10_26__23_02_11.json,0,3583,219219,/bin/bash /usr/local/bin/start.sh multibwa.sh /data /data/References/Broad_UMI /data/References/Broad_UMI/Human_RefSeq /data/Aligns 24 20 8,0,0,23,start.sh,15,1,170,2281472,38
303,1572130937,2019_10_26__23_02_17.json,0,3583,219219,/bin/bash /usr/local/bin/start.sh multibwa.sh /data /data/References/Broad_UMI /data/References/Broad_UMI/Human_RefSeq /data/Aligns 24 20 8,0,0,23,start.sh,15,1,170,2281472,38
304,1572130948,2019_10_26__23_02_28.json,0,3583,219219,/bin/bash /usr/local/bin/start.sh multibwa.sh /data /data/References/Broad_UMI /data/References/Broad_UMI/Human_RefSeq /data/Aligns 24 20 8,0,0,23,start.sh,15,1,170,2281472,38
305,1572130956,2019_10_26__23_02_36.json,0,3583,219219,/bin/bash /usr/local/bin/start.sh multibwa.sh /data /data/References/Broad_UMI /data/References/Broad_UMI/Human_RefSeq /data/Aligns 24 20 8,0,0,23,start.sh,15,1,170,2281472,38
306,1572130965,2019_10_26__23_02_45.json,0,3583,219219,/bin/bash /usr/local/bin/start.sh multibwa.sh /data /data/References/Broad_UMI /data/References/Broad_UMI/Human_RefSeq /data/Aligns 24 20 8,0,0,23,start.sh,15,1,170,2281472,38
307,1572130969,2019_10_26__23_02_49.json,0,3583,219219,/bin/bash /usr/local/bin/start.sh multibwa.sh /data /data/References/Broad_UMI /data/References/Broad_UMI/Human_RefSeq /data/Aligns 24 20 8,0,0,23,start.sh,15,1,170,2281472,38
308,1572130971,2019_10_26__23_02_51.json,0,3583,219219,/bin/bash /usr/local/bin/start.sh multibwa.sh /data /data/References/Broad_UMI /data/References/Broad_UMI/Human_RefSeq /data/Aligns 24 20 8,0,0,23,start.sh,15,1,170,2281472,38
309,1572130973,2019_10_26__23_02_53.json,0,3583,219219,/bin/bash /usr/local/bin/start.sh multibwa.sh /data /data/References/Broad_UMI /data/References/Broad_UMI/Human_RefSeq /data/Aligns 24 20 8,0,0,23,start.sh,15,1,170,2281472,38
310,1572130976,2019_10_26__23_02_56.json,0,3583,219219,/bin/bash /usr/local/bin/start.sh multibwa.sh /data /data/References/Broad_UMI /data/References/Broad_UMI/Human_RefSeq /data/Aligns 24 20 8,0,0,23,start.sh,15,1,170,2281472,38
311,1572130979,2019_10_26__23_02_59.json,0,3583,219219,/bin/bash /usr/local/bin/start.sh multibwa.sh /data /data/References/Broad_UMI /data/References/Broad_UMI/Human_RefSeq /data/Aligns 24 20 8,0,0,23,start.sh,15,1,170,2281472,38
312,1572130989,2019_10_26__23_03_09.json,0,3583,219219,/bin/bash /usr/local/bin/start.sh multibwa.sh /data /data/References/Broad_UMI /data/References/Broad_UMI/Human_RefSeq /data/Aligns 24 20 8,0,0,23,start.sh,15,1,170,2281472,38
313,1572131000,2019_10_26__23_03_20.json,0,3583,219219,/bin/bash /usr/local/bin/start.sh multibwa.sh /data /data/References/Broad_UMI /data/References/Broad_UMI/Human_RefSeq /data/Aligns 24 20 8,0,0,23,start.sh,15,1,170,2281472,38
314,1572131008,2019_10_26__23_03_28.json,0,3583,219219,/bin/bash /usr/local/bin/start.sh multibwa.sh /data /data/References/Broad_UMI /data/References/Broad_UMI/Human_RefSeq /data/Aligns 24 20 8,0,0,23,start.sh,15,1,170,2281472,38
315,1572131011,2019_10_26__23_03_31.json,0,3583,219219,/bin/bash /usr/local/bin/start.sh multibwa.sh /data /data/References/Broad_UMI /data/References/Broad_UMI/Human_RefSeq /data/Aligns 24 20 8,0,0,23,start.sh,15,1,170,2281472,38
316,1572131019,2019_10_26__23_03_39.json,0,3583,219219,/bin/bash /usr/local/bin/start.sh multibwa.sh /data /data/References/Broad_UMI /data/References/Broad_UMI/Human_RefSeq /data/Aligns 24 20 8,0,0,23,start.sh,15,1,170,2281472,38
317,1572131029,2019_10_26__23_03_49.json,0,3583,219219,/bin/bash /usr/local/bin/start.sh multibwa.sh /data /data/References/Broad_UMI /data/References/Broad_UMI/Human_RefSeq /data/Aligns 24 20 8,0,0,23,start.sh,15,1,170,2281472,38
318,1572131040,2019_10_26__23_04_00.json,0,3583,219219,/bin/bash /usr/local/bin/start.sh multibwa.sh /data /data/References/Broad_UMI /data/References/Broad_UMI/Human_RefSeq /data/Aligns 24 20 8,0,0,23,start.sh,15,1,170,2281472,38
319,1572131050,2019_10_26__23_04_10.json,0,3583,219219,/bin/bash /usr/local/bin/start.sh multibwa.sh /data /data/References/Broad_UMI /data/References/Broad_UMI/Human_RefSeq /data/Aligns 24 20 8,0,0,23,start.sh,15,1,170,2281472,38
320,1572131060,2019_10_26__23_04_20.json,0,3583,219219,/bin/bash /usr/local/bin/start.sh multibwa.sh /data /data/References/Broad_UMI /data/References/Broad_UMI/Human_RefSeq /data/Aligns 24 20 8,0,0,23,start.sh,15,1,170,2281472,38
321,1572131070,2019_10_26__23_04_30.json,0,3583,219219,/bin/bash /usr/local/bin/start.sh multibwa.sh /data /data/References/Broad_UMI /data/References/Broad_UMI/Human_RefSeq /data/Aligns 24 20 8,0,0,23,start.sh,15,1,170,2281472,38
322,1572131080,2019_10_26__23_04_40.json,0,3583,219219,/bin/bash /usr/local/bin/start.sh multibwa.sh /data /data/References/Broad_UMI /data/References/Broad_UMI/Human_RefSeq /data/Aligns 24 20 8,0,0,23,start.sh,15,1,170,2281472,38
323,1572131091,2019_10_26__23_04_51.json,0,3583,219219,/bin/bash /usr/local/bin/start.sh multibwa.sh /data /data/References/Broad_UMI /data/References/Broad_UMI/Human_RefSeq /data/Aligns 24 20 8,0,0,23,start.sh,15,1,170,2281472,38
324,1572131101,2019_10_26__23_05_01.json,0,3583,219219,/bin/bash /usr/local/bin/start.sh multibwa.sh /data /data/References/Broad_UMI /data/References/Broad_UMI/Human_RefSeq /data/Aligns 24 20 8,0,0,23,start.sh,15,1,170,2281472,38
325,1572131111,2019_10_26__23_05_11.json,0,3583,219219,/bin/bash /usr/local/bin/start.sh multibwa.sh /data /data/References/Broad_UMI /data/References/Broad_UMI/Human_RefSeq /data/Aligns 24 20 8,0,0,23,start.sh,15,1,170,2281472,38
326,1572131121,2019_10_26__23_05_21.json,0,3583,219219,/bin/bash /usr/local/bin/start.sh multibwa.sh /data /data/References/Broad_UMI /data/References/Broad_UMI/Human_RefSeq /data/Aligns 24 20 8,0,0,23,start.sh,15,1,170,2281472,38
327,1572131132,2019_10_26__23_05_32.json,0,3583,219219,/bin/bash /usr/local/bin/start.sh multibwa.sh /data /data/References/Broad_UMI /data/References/Broad_UMI/Human_RefSeq /data/Aligns 24 20 8,0,0,23,start.sh,15,1,170,2281472,38
328,1572131142,2019_10_26__23_05_42.json,0,3583,219219,/bin/bash /usr/local/bin/start.sh multibwa.sh /data /data/References/Broad_UMI /data/References/Broad_UMI/Human_RefSeq /data/Aligns 24 20 8,0,0,23,start.sh,15,1,170,2281472,38
329,1572131152,2019_10_26__23_05_52.json,0,3583,219219,/bin/bash /usr/local/bin/start.sh multibwa.sh /data /data/References/Broad_UMI /data/References/Broad_UMI/Human_RefSeq /data/Aligns 24 20 8,0,0,23,start.sh,15,1,170,2281472,38
330,1572131162,2019_10_26__23_06_02.json,0,3583,219219,/bin/bash /usr/local/bin/start.sh multibwa.sh /data /data/References/Broad_UMI /data/References/Broad_UMI/Human_RefSeq /data/Aligns 24 20 8,0,0,23,start.sh,15,1,170,2281472,38
331,1572131172,2019_10_26__23_06_12.json,0,3583,219219,/bin/bash /usr/local/bin/start.sh multibwa.sh /data /data/References/Broad_UMI /data/References/Broad_UMI/Human_RefSeq /data/Aligns 24 20 8,0,0,23,start.sh,15,1,170,2281472,38
332,1572131182,2019_10_26__23_06_22.json,0,3583,219219,/bin/bash /usr/local/bin/start.sh multibwa.sh /data /data/References/Broad_UMI /data/References/Broad_UMI/Human_RefSeq /data/Aligns 24 20 8,0,0,23,start.sh,15,1,170,2281472,38
333,1572131193,2019_10_26__23_06_33.json,0,3583,219219,/bin/bash /usr/local/bin/start.sh multibwa.sh /data /data/References/Broad_UMI /data/References/Broad_UMI/Human_RefSeq /data/Aligns 24 20 8,0,0,23,start.sh,15,1,170,2281472,38
334,1572131203,2019_10_26__23_06_43.json,0,3583,219219,/bin/bash /usr/local/bin/start.sh multibwa.sh /data /data/References/Broad_UMI /data/References/Broad_UMI/Human_RefSeq /data/Aligns 24 20 8,0,0,23,start.sh,15,1,170,2281472,38
335,1572131213,2019_10_26__23_06_53.json,0,3583,219219,/bin/bash /usr/local/bin/start.sh multibwa.sh /data /data/References/Broad_UMI /data/References/Broad_UMI/Human_RefSeq /data/Aligns 24 20 8,0,0,23,start.sh,15,1,170,2281472,38
336,1572131224,2019_10_26__23_07_04.json,0,3583,219219,/bin/bash /usr/local/bin/start.sh multibwa.sh /data /data/References/Broad_UMI /data/References/Broad_UMI/Human_RefSeq /data/Aligns 24 20 8,0,0,23,start.sh,15,1,170,2281472,38
337,1572131234,2019_10_26__23_07_14.json,0,3583,219219,/bin/bash /usr/local/bin/start.sh multibwa.sh /data /data/References/Broad_UMI /data/References/Broad_UMI/Human_RefSeq /data/Aligns 24 20 8,0,0,23,start.sh,15,1,170,2281472,38
338,1572131244,2019_10_26__23_07_24.json,0,3583,219219,/bin/bash /usr/local/bin/start.sh multibwa.sh /data /data/References/Broad_UMI /data/References/Broad_UMI/Human_RefSeq /data/Aligns 24 20 8,0,0,23,start.sh,15,1,170,2281472,38
339,1572131254,2019_10_26__23_07_34.json,0,3583,219219,/bin/bash /usr/local/bin/start.sh multibwa.sh /data /data/References/Broad_UMI /data/References/Broad_UMI/Human_RefSeq /data/Aligns 24 20 8,0,0,23,start.sh,15,1,170,2281472,38
340,1572131265,2019_10_26__23_07_45.json,0,3583,219219,/bin/bash /usr/local/bin/start.sh multibwa.sh /data /data/References/Broad_UMI /data/References/Broad_UMI/Human_RefSeq /data/Aligns 24 20 8,0,0,23,start.sh,15,1,170,2281472,38
341,1572131275,2019_10_26__23_07_55.json,0,3583,219219,/bin/bash /usr/local/bin/start.sh multibwa.sh /data /data/References/Broad_UMI /data/References/Broad_UMI/Human_RefSeq /data/Aligns 24 20 8,0,0,23,start.sh,15,1,170,2281472,38
342,1572131285,2019_10_26__23_08_05.json,0,3583,219219,/bin/bash /usr/local/bin/start.sh multibwa.sh /data /data/References/Broad_UMI /data/References/Broad_UMI/Human_RefSeq /data/Aligns 24 20 8,0,0,23,start.sh,15,1,170,2281472,38
343,1572131295,2019_10_26__23_08_15.json,0,3583,219219,/bin/bash /usr/local/bin/start.sh multibwa.sh /data /data/References/Broad_UMI /data/References/Broad_UMI/Human_RefSeq /data/Aligns 24 20 8,0,0,23,start.sh,15,1,170,2281472,38
344,1572131304,2019_10_26__23_08_24.json,0,3583,219219,/bin/bash /usr/local/bin/start.sh multibwa.sh /data /data/References/Broad_UMI /data/References/Broad_UMI/Human_RefSeq /data/Aligns 24 20 8,0,0,23,start.sh,15,1,170,2281472,38
345,1572131306,2019_10_26__23_08_26.json,0,3583,219219,/bin/bash /usr/local/bin/start.sh multibwa.sh /data /data/References/Broad_UMI /data/References/Broad_UMI/Human_RefSeq /data/Aligns 24 20 8,0,0,23,start.sh,15,1,170,2281472,38
346,1572131316,2019_10_26__23_08_36.json,0,3583,219219,/bin/bash /usr/local/bin/start.sh multibwa.sh /data /data/References/Broad_UMI /data/References/Broad_UMI/Human_RefSeq /data/Aligns 24 20 8,0,0,23,start.sh,15,1,170,2281472,38
347,1572131327,2019_10_26__23_08_47.json,0,3583,219219,/bin/bash /usr/local/bin/start.sh multibwa.sh /data /data/References/Broad_UMI /data/References/Broad_UMI/Human_RefSeq /data/Aligns 24 20 8,0,0,23,start.sh,15,1,170,2281472,38
348,1572131337,2019_10_26__23_08_57.json,0,3583,219219,/bin/bash /usr/local/bin/start.sh multibwa.sh /data /data/References/Broad_UMI /data/References/Broad_UMI/Human_RefSeq /data/Aligns 24 20 8,0,0,23,start.sh,15,1,170,2281472,38
349,1572131347,2019_10_26__23_09_07.json,0,3583,219219,/bin/bash /usr/local/bin/start.sh multibwa.sh /data /data/References/Broad_UMI /data/References/Broad_UMI/Human_RefSeq /data/Aligns 24 20 8,0,0,23,start.sh,15,1,170,2281472,38
350,1572131357,2019_10_26__23_09_17.json,0,3583,219219,/bin/bash /usr/local/bin/start.sh multibwa.sh /data /data/References/Broad_UMI /data/References/Broad_UMI/Human_RefSeq /data/Aligns 24 20 8,0,0,23,start.sh,15,1,170,2281472,38
351,1572131367,2019_10_26__23_09_27.json,0,3583,219219,/bin/bash /usr/local/bin/start.sh multibwa.sh /data /data/References/Broad_UMI /data/References/Broad_UMI/Human_RefSeq /data/Aligns 24 20 8,0,0,23,start.sh,15,1,170,2281472,38
352,1572131378,2019_10_26__23_09_38.json,0,3583,219219,/bin/bash /usr/local/bin/start.sh multibwa.sh /data /data/References/Broad_UMI /data/References/Broad_UMI/Human_RefSeq /data/Aligns 24 20 8,0,0,23,start.sh,15,1,170,2281472,38
353,1572131388,2019_10_26__23_09_48.json,0,3583,219219,/bin/bash /usr/local/bin/start.sh multibwa.sh /data /data/References/Broad_UMI /data/References/Broad_UMI/Human_RefSeq /data/Aligns 24 20 8,0,0,23,start.sh,15,1,170,2281472,38
354,1572131398,2019_10_26__23_09_58.json,0,3583,219219,/bin/bash /usr/local/bin/start.sh multibwa.sh /data /data/References/Broad_UMI /data/References/Broad_UMI/Human_RefSeq /data/Aligns 24 20 8,0,0,23,start.sh,15,1,170,2281472,38
355,1572131409,2019_10_26__23_10_09.json,0,3583,219219,/bin/bash /usr/local/bin/start.sh multibwa.sh /data /data/References/Broad_UMI /data/References/Broad_UMI/Human_RefSeq /data/Aligns 24 20 8,0,0,23,start.sh,15,1,170,2281472,38
356,1572131419,2019_10_26__23_10_19.json,0,3583,219219,/bin/bash /usr/local/bin/start.sh multibwa.sh /data /data/References/Broad_UMI /data/References/Broad_UMI/Human_RefSeq /data/Aligns 24 20 8,0,0,23,start.sh,15,1,170,2281472,38
357,1572131429,2019_10_26__23_10_29.json,0,3583,219219,/bin/bash /usr/local/bin/start.sh multibwa.sh /data /data/References/Broad_UMI /data/References/Broad_UMI/Human_RefSeq /data/Aligns 24 20 8,0,0,23,start.sh,15,1,170,2281472,38
358,1572131439,2019_10_26__23_10_39.json,0,3583,219219,/bin/bash /usr/local/bin/start.sh multibwa.sh /data /data/References/Broad_UMI /data/References/Broad_UMI/Human_RefSeq /data/Aligns 24 20 8,0,0,23,start.sh,15,1,170,2281472,38
359,1572131450,2019_10_26__23_10_50.json,0,3583,219219,/bin/bash /usr/local/bin/start.sh multibwa.sh /data /data/References/Broad_UMI /data/References/Broad_UMI/Human_RefSeq /data/Aligns 24 20 8,0,0,23,start.sh,15,1,170,2281472,38
360,1572131460,2019_10_26__23_11_00.json,0,3583,219219,/bin/bash /usr/local/bin/start.sh multibwa.sh /data /data/References/Broad_UMI /data/References/Broad_UMI/Human_RefSeq /data/Aligns 24 20 8,0,0,23,start.sh,15,1,170,2281472,38
361,1572131470,2019_10_26__23_11_10.json,0,3583,219219,/bin/bash /usr/local/bin/start.sh multibwa.sh /data /data/References/Broad_UMI /data/References/Broad_UMI/Human_RefSeq /data/Aligns 24 20 8,0,0,23,start.sh,15,1,170,2281472,38
362,1572131480,2019_10_26__23_11_20.json,0,3583,219219,/bin/bash /usr/local/bin/start.sh multibwa.sh /data /data/References/Broad_UMI /data/References/Broad_UMI/Human_RefSeq /data/Aligns 24 20 8,0,0,23,start.sh,15,1,170,2281472,38
363,1572131491,2019_10_26__23_11_31.json,0,3583,219219,/bin/bash /usr/local/bin/start.sh multibwa.sh /data /data/References/Broad_UMI /data/References/Broad_UMI/Human_RefSeq /data/Aligns 24 20 8,0,0,23,start.sh,15,1,170,2281472,38
364,1572131501,2019_10_26__23_11_41.json,0,3583,219219,/bin/bash /usr/local/bin/start.sh multibwa.sh /data /data/References/Broad_UMI /data/References/Broad_UMI/Human_RefSeq /data/Aligns 24 20 8,0,0,23,start.sh,15,1,170,2281472,38
365,1572131511,2019_10_26__23_11_51.json,0,3583,219219,/bin/bash /usr/local/bin/start.sh multibwa.sh /data /data/References/Broad_UMI /data/References/Broad_UMI/Human_RefSeq /data/Aligns 24 20 8,0,0,23,start.sh,15,1,170,2281472,38
366,1572131521,2019_10_26__23_12_01.json,0,3583,219219,/bin/bash /usr/local/bin/start.sh multibwa.sh /data /data/References/Broad_UMI /data/References/Broad_UMI/Human_RefSeq /data/Aligns 24 20 8,0,0,23,start.sh,15,1,170,2281472,38
367,1572131531,2019_10_26__23_12_11.json,0,3583,219219,/bin/bash /usr/local/bin/start.sh multibwa.sh /data /data/References/Broad_UMI /data/References/Broad_UMI/Human_RefSeq /data/Aligns 24 20 8,0,0,23,start.sh,15,1,170,2281472,38
368,1572131541,2019_10_26__23_12_21.json,0,3583,219219,/bin/bash /usr/local/bin/start.sh multibwa.sh /data /data/References/Broad_UMI /data/References/Broad_UMI/Human_RefSeq /data/Aligns 24 20 8,0,0,23,start.sh,15,1,170,2281472,38
369,1572131551,2019_10_26__23_12_31.json,0,3583,219219,/bin/bash /usr/local/bin/start.sh multibwa.sh /data /data/References/Broad_UMI /data/References/Broad_UMI/Human_RefSeq /data/Aligns 24 20 8,0,0,23,start.sh,15,1,170,2281472,38
370,1572131561,2019_10_26__23_12_41.json,0,3583,219219,/bin/bash /usr/local/bin/start.sh multibwa.sh /data /data/References/Broad_UMI /data/References/Broad_UMI/Human_RefSeq /data/Aligns 24 20 8,0,0,23,start.sh,15,1,170,2281472,38
371,1572131572,2019_10_26__23_12_52.json,0,3583,219219,/bin/bash /usr/local/bin/start.sh multibwa.sh /data /data/References/Broad_UMI /data/References/Broad_UMI/Human_RefSeq /data/Aligns 24 20 8,0,0,23,start.sh,15,1,170,2281472,38
372,1572131582,2019_10_26__23_13_02.json,0,3583,219219,/bin/bash /usr/local/bin/start.sh multibwa.sh /data /data/References/Broad_UMI /data/References/Broad_UMI/Human_RefSeq /data/Aligns 24 20 8,0,0,23,start.sh,15,1,170,2281472,38
373,1572131592,2019_10_26__23_13_12.json,0,3583,219219,/bin/bash /usr/local/bin/start.sh multibwa.sh /data /data/References/Broad_UMI /data/References/Broad_UMI/Human_RefSeq /data/Aligns 24 20 8,0,0,23,start.sh,15,1,170,2281472,38
374,1572131603,2019_10_26__23_13_23.json,0,3583,219219,/bin/bash /usr/local/bin/start.sh multibwa.sh /data /data/References/Broad_UMI /data/References/Broad_UMI/Human_RefSeq /data/Aligns 24 20 8,0,0,23,start.sh,15,1,170,2281472,38
375,1572131613,2019_10_26__23_13_33.json,0,3583,219219,/bin/bash /usr/local/bin/start.sh multibwa.sh /data /data/References/Broad_UMI /data/References/Broad_UMI/Human_RefSeq /data/Aligns 24 20 8,0,0,23,start.sh,15,1,170,2281472,38
376,1572131623,2019_10_26__23_13_43.json,0,3583,219219,/bin/bash /usr/local/bin/start.sh multibwa.sh /data /data/References/Broad_UMI /data/References/Broad_UMI/Human_RefSeq /data/Aligns 24 20 8,0,0,23,start.sh,15,1,170,2281472,38
377,1572131633,2019_10_26__23_13_53.json,0,3583,219219,/bin/bash /usr/local/bin/start.sh multibwa.sh /data /data/References/Broad_UMI /data/References/Broad_UMI/Human_RefSeq /data/Aligns 24 20 8,0,0,23,start.sh,15,1,170,2281472,38
378,1572131643,2019_10_26__23_14_03.json,0,3583,219219,/bin/bash /usr/local/bin/start.sh multibwa.sh /data /data/References/Broad_UMI /data/References/Broad_UMI/Human_RefSeq /data/Aligns 24 20 8,0,0,23,start.sh,15,1,170,2281472,38
379,1572131653,2019_10_26__23_14_13.json,0,3583,219219,/bin/bash /usr/local/bin/start.sh multibwa.sh /data /data/References/Broad_UMI /data/References/Broad_UMI/Human_RefSeq /data/Aligns 24 20 8,0,0,23,start.sh,15,1,170,2281472,38
380,1572131664,2019_10_26__23_14_24.json,0,3583,219219,/bin/bash /usr/local/bin/start.sh multibwa.sh /data /data/References/Broad_UMI /data/References/Broad_UMI/Human_RefSeq /data/Aligns 24 20 8,0,0,23,start.sh,15,1,170,2281472,38
381,1572131674,2019_10_26__23_14_34.json,0,3583,219219,/bin/bash /usr/local/bin/start.sh multibwa.sh /data /data/References/Broad_UMI /data/References/Broad_UMI/Human_RefSeq /data/Aligns 24 20 8,0,0,23,start.sh,15,1,170,2281472,38
382,1572131684,2019_10_26__23_14_44.json,0,3583,219219,/bin/bash /usr/local/bin/start.sh multibwa.sh /data /data/References/Broad_UMI /data/References/Broad_UMI/Human_RefSeq /data/Aligns 24 20 8,0,0,23,start.sh,15,1,170,2281472,38
383,1572131693,2019_10_26__23_14_53.json,0,3583,219219,/bin/bash /usr/local/bin/start.sh multibwa.sh /data /data/References/Broad_UMI /data/References/Broad_UMI/Human_RefSeq /data/Aligns 24 20 8,0,0,23,start.sh,15,1,170,2281472,38
384,1572131697,2019_10_26__23_14_57.json,0,3583,219219,/bin/bash /usr/local/bin/start.sh multibwa.sh /data /data/References/Broad_UMI /data/References/Broad_UMI/Human_RefSeq /data/Aligns 24 20 8,0,0,23,start.sh,15,1,170,2281472,38
385,1572131708,2019_10_26__23_15_08.json,0,3583,219219,/bin/bash /usr/local/bin/start.sh multibwa.sh /data /data/References/Broad_UMI /data/References/Broad_UMI/Human_RefSeq /data/Aligns 24 20 8,0,0,23,start.sh,15,1,170,2281472,38
386,1572131718,2019_10_26__23_15_18.json,0,3583,219219,/bin/bash /usr/local/bin/start.sh multibwa.sh /data /data/References/Broad_UMI /data/References/Broad_UMI/Human_RefSeq /data/Aligns 24 20 8,0,0,23,start.sh,15,1,170,2281472,38
387,1572131728,2019_10_26__23_15_28.json,0,3583,219219,/bin/bash /usr/local/bin/start.sh multibwa.sh /data /data/References/Broad_UMI /data/References/Broad_UMI/Human_RefSeq /data/Aligns 24 20 8,0,0,23,start.sh,15,1,170,2281472,38
388,1572131738,2019_10_26__23_15_38.json,0,3583,219219,/bin/bash /usr/local/bin/start.sh multibwa.sh /data /data/References/Broad_UMI /data/References/Broad_UMI/Human_RefSeq /data/Aligns 24 20 8,0,0,23,start.sh,15,1,170,2281472,38
389,1572131748,2019_10_26__23_15_48.json,0,3583,219219,/bin/bash /usr/local/bin/start.sh multibwa.sh /data /data/References/Broad_UMI /data/References/Broad_UMI/Human_RefSeq /data/Aligns 24 20 8,0,0,23,start.sh,15,1,170,2281472,38
390,1572131754,2019_10_26__23_15_54.json,0,5194,323756,/bin/bash /usr/local/bin/start.sh multibwa.sh /data /data/References/Broad_UMI /data/References/Broad_UMI/Human_RefSeq /data/Aligns 24 20 8,0,0,23,start.sh,20,1,298,2281472,53
391,1572131762,2019_10_26__23_16_02.json,0,5194,323756,/bin/bash /usr/local/bin/start.sh multibwa.sh /data /data/References/Broad_UMI /data/References/Broad_UMI/Human_RefSeq /data/Aligns 24 20 8,0,0,23,start.sh,20,1,298,2281472,53
392,1572131772,2019_10_26__23_16_12.json,0,5194,323756,/bin/bash /usr/local/bin/start.sh multibwa.sh /data /data/References/Broad_UMI /data/References/Broad_UMI/Human_RefSeq /data/Aligns 24 20 8,0,0,23,start.sh,20,1,298,2281472,53
393,1572131782,2019_10_26__23_16_22.json,0,5194,323756,/bin/bash /usr/local/bin/start.sh multibwa.sh /data /data/References/Broad_UMI /data/References/Broad_UMI/Human_RefSeq /data/Aligns 24 20 8,0,0,23,start.sh,20,1,298,2281472,53
394,1572131787,2019_10_26__23_16_27.json,0,5194,323756,/bin/bash /usr/local/bin/start.sh multibwa.sh /data /data/References/Broad_UMI /data/References/Broad_UMI/Human_RefSeq /data/Aligns 24 20 8,0,0,23,start.sh,20,1,298,2281472,53
395,1572131797,2019_10_26__23_16_37.json,0,5194,323756,/bin/bash /usr/local/bin/start.sh multibwa.sh /data /data/References/Broad_UMI /data/References/Broad_UMI/Human_RefSeq /data/Aligns 24 20 8,0,0,23,start.sh,20,1,298,2281472,53
396,1572131807,2019_10_26__23_16_47.json,0,5194,323756,/bin/bash /usr/local/bin/start.sh multibwa.sh /data /data/References/Broad_UMI /data/References/Broad_UMI/Human_RefSeq /data/Aligns 24 20 8,0,0,23,start.sh,20,1,298,2281472,53
397,1572131816,2019_10_26__23_16_56.json,0,5194,323756,/bin/bash /usr/local/bin/start.sh multibwa.sh /data /data/References/Broad_UMI /data/References/Broad_UMI/Human_RefSeq /data/Aligns 24 20 8,0,0,23,start.sh,20,1,298,2281472,53
398,1572131819,2019_10_26__23_16_59.json,0,5194,323756,/bin/bash /usr/local/bin/start.sh multibwa.sh /data /data/References/Broad_UMI /data/References/Broad_UMI/Human_RefSeq /data/Aligns 24 20 8,0,0,23,start.sh,20,1,298,2281472,53
399,1572131828,2019_10_26__23_17_08.json,0,5194,323756,/bin/bash /usr/local/bin/start.sh multibwa.sh /data /data/References/Broad_UMI /data/References/Broad_UMI/Human_RefSeq /data/Aligns 24 20 8,0,0,23,start.sh,20,1,298,2281472,53
400,1572131838,2019_10_26__23_17_18.json,0,5194,323756,/bin/bash /usr/local/bin/start.sh multibwa.sh /data /data/References/Broad_UMI /data/References/Broad_UMI/Human_RefSeq /data/Aligns 24 20 8,0,0,23,start.sh,20,1,298,2281472,53
401,1572131848,2019_10_26__23_17_28.json,0,5194,323756,/bin/bash /usr/local/bin/start.sh multibwa.sh /data /data/References/Broad_UMI /data/References/Broad_UMI/Human_RefSeq /data/Aligns 24 20 8,0,0,23,start.sh,20,1,298,2281472,53
402,1572131859,2019_10_26__23_17_39.json,0,5194,323756,/bin/bash /usr/local/bin/start.sh multibwa.sh /data /data/References/Broad_UMI /data/References/Broad_UMI/Human_RefSeq /data/Aligns 24 20 8,0,0,23,start.sh,20,1,298,2281472,53
403,1572131869,2019_10_26__23_17_49.json,0,5194,323756,/bin/bash /usr/local/bin/start.sh multibwa.sh /data /data/References/Broad_UMI /data/References/Broad_UMI/Human_RefSeq /data/Aligns 24 20 8,0,0,23,start.sh,20,1,298,2281472,53
404,1572131880,2019_10_26__23_18_00.json,0,5194,323756,/bin/bash /usr/local/bin/start.sh multibwa.sh /data /data/References/Broad_UMI /data/References/Broad_UMI/Human_RefSeq /data/Aligns 24 20 8,0,0,23,start.sh,20,1,298,2281472,53
405,1572131890,2019_10_26__23_18_10.json,0,5194,323756,/bin/bash /usr/local/bin/start.sh multibwa.sh /data /data/References/Broad_UMI /data/References/Broad_UMI/Human_RefSeq /data/Aligns 24 20 8,0,0,23,start.sh,20,1,298,2281472,53
406,1572131900,2019_10_26__23_18_20.json,0,5194,323756,/bin/bash /usr/local/bin/start.sh multibwa.sh /data /data/References/Broad_UMI /data/References/Broad_UMI/Human_RefSeq /data/Aligns 24 20 8,0,0,23,start.sh,20,1,298,2281472,53
407,1572131911,2019_10_26__23_18_31.json,0,5194,323756,/bin/bash /usr/local/bin/start.sh multibwa.sh /data /data/References/Broad_UMI /data/References/Broad_UMI/Human_RefSeq /data/Aligns 24 20 8,0,0,23,start.sh,20,1,298,2281472,53
408,1572131920,2019_10_26__23_18_40.json,0,5194,323756,/bin/bash /usr/local/bin/start.sh multibwa.sh /data /data/References/Broad_UMI /data/References/Broad_UMI/Human_RefSeq /data/Aligns 24 20 8,0,0,23,start.sh,20,1,298,2281472,53
409,1572131922,2019_10_26__23_18_42.json,0,5194,323756,/bin/bash /usr/local/bin/start.sh multibwa.sh /data /data/References/Broad_UMI /data/References/Broad_UMI/Human_RefSeq /data/Aligns 24 20 8,0,0,23,start.sh,20,1,298,2281472,53
410,1572131932,2019_10_26__23_18_52.json,0,5194,323756,/bin/bash /usr/local/bin/start.sh multibwa.sh /data /data/References/Broad_UMI /data/References/Broad_UMI/Human_RefSeq /data/Aligns 24 20 8,0,0,23,start.sh,20,1,298,2281472,53
411,1572131943,2019_10_26__23_19_02.json,0,5194,323756,/bin/bash /usr/local/bin/start.sh multibwa.sh /data /data/References/Broad_UMI /data/References/Broad_UMI/Human_RefSeq /data/Aligns 24 20 8,0,0,23,start.sh,20,1,298,2281472,53
412,1572131953,2019_10_26__23_19_13.json,0,5194,323756,/bin/bash /usr/local/bin/start.sh multibwa.sh /data /data/References/Broad_UMI /data/References/Broad_UMI/Human_RefSeq /data/Aligns 24 20 8,0,0,23,start.sh,20,1,298,2281472,53
413,1572131960,2019_10_26__23_19_20.json,0,5194,323756,/bin/bash /usr/local/bin/start.sh multibwa.sh /data /data/References/Broad_UMI /data/References/Broad_UMI/Human_RefSeq /data/Aligns 24 20 8,0,0,23,start.sh,20,1,298,2281472,53
414,1572131970,2019_10_26__23_19_30.json,0,5194,323756,/bin/bash /usr/local/bin/start.sh multibwa.sh /data /data/References/Broad_UMI /data/References/Broad_UMI/Human_RefSeq /data/Aligns 24 20 8,0,0,23,start.sh,20,1,298,2281472,53
415,1572131980,2019_10_26__23_19_40.json,0,5194,323756,/bin/bash /usr/local/bin/start.sh multibwa.sh /data /data/References/Broad_UMI /data/References/Broad_UMI/Human_RefSeq /data/Aligns 24 20 8,0,0,23,start.sh,20,1,298,2281472,53
416,1572131991,2019_10_26__23_19_51.json,0,5194,323756,/bin/bash /usr/local/bin/start.sh multibwa.sh /data /data/References/Broad_UMI /data/References/Broad_UMI/Human_RefSeq /data/Aligns 24 20 8,0,0,23,start.sh,20,1,298,2281472,53
417,1572132001,2019_10_26__23_20_01.json,0,5194,323756,/bin/bash /usr/local/bin/start.sh multibwa.sh /data /data/References/Broad_UMI /data/References/Broad_UMI/Human_RefSeq /data/Aligns 24 20 8,0,0,23,start.sh,20,1,298,2281472,53
418,1572132008,2019_10_26__23_20_08.json,0,5194,323756,/bin/bash /usr/local/bin/start.sh multibwa.sh /data /data/References/Broad_UMI /data/References/Broad_UMI/Human_RefSeq /data/Aligns 24 20 8,0,0,23,start.sh,20,1,298,2281472,53
419,1572132016,2019_10_26__23_20_16.json,0,5194,323756,/bin/bash /usr/local/bin/start.sh multibwa.sh /data /data/References/Broad_UMI /data/References/Broad_UMI/Human_RefSeq /data/Aligns 24 20 8,0,0,23,start.sh,20,1,298,2281472,53
420,1572132026,2019_10_26__23_20_26.json,0,5194,323756,/bin/bash /usr/local/bin/start.sh multibwa.sh /data /data/References/Broad_UMI /data/References/Broad_UMI/Human_RefSeq /data/Aligns 24 20 8,0,0,23,start.sh,20,1,298,2281472,53
421,1572132036,2019_10_26__23_20_36.json,0,5194,323756,/bin/bash /usr/local/bin/start.sh multibwa.sh /data /data/References/Broad_UMI /data/References/Broad_UMI/Human_RefSeq /data/Aligns 24 20 8,0,0,23,start.sh,20,1,298,2281472,53
422,1572132047,2019_10_26__23_20_47.json,0,5194,323756,/bin/bash /usr/local/bin/start.sh multibwa.sh /data /data/References/Broad_UMI /data/References/Broad_UMI/Human_RefSeq /data/Aligns 24 20 8,0,0,23,start.sh,20,1,298,2281472,53
423,1572132057,2019_10_26__23_20_57.json,0,5194,323756,/bin/bash /usr/local/bin/start.sh multibwa.sh /data /data/References/Broad_UMI /data/References/Broad_UMI/Human_RefSeq /data/Aligns 24 20 8,0,0,23,start.sh,20,1,298,2281472,53
424,1572132067,2019_10_26__23_21_07.json,0,5194,323756,/bin/bash /usr/local/bin/start.sh multibwa.sh /data /data/References/Broad_UMI /data/References/Broad_UMI/Human_RefSeq /data/Aligns 24 20 8,0,0,23,start.sh,20,1,298,2281472,53
425,1572132077,2019_10_26__23_21_17.json,0,5194,323756,/bin/bash /usr/local/bin/start.sh multibwa.sh /data /data/References/Broad_UMI /data/References/Broad_UMI/Human_RefSeq /data/Aligns 24 20 8,0,0,23,start.sh,20,1,298,2281472,53
426,1572132087,2019_10_26__23_21_27.json,0,5194,323756,/bin/bash /usr/local/bin/start.sh multibwa.sh /data /data/References/Broad_UMI /data/References/Broad_UMI/Human_RefSeq /data/Aligns 24 20 8,0,0,23,start.sh,20,1,298,2281472,53
427,1572132098,2019_10_26__23_21_38.json,0,5194,323756,/bin/bash /usr/local/bin/start.sh multibwa.sh /data /data/References/Broad_UMI /data/References/Broad_UMI/Human_RefSeq /data/Aligns 24 20 8,0,0,23,start.sh,20,1,298,2281472,53
428,1572132108,2019_10_26__23_21_48.json,0,5194,323756,/bin/bash /usr/local/bin/start.sh multibwa.sh /data /data/References/Broad_UMI /data/References/Broad_UMI/Human_RefSeq /data/Aligns 24 20 8,0,0,23,start.sh,20,1,298,2281472,53
429,1572132118,2019_10_26__23_21_58.json,0,5194,323756,/bin/bash /usr/local/bin/start.sh multibwa.sh /data /data/References/Broad_UMI /data/References/Broad_UMI/Human_RefSeq /data/Aligns 24 20 8,0,0,23,start.sh,20,1,298,2281472,53
430,1572132129,2019_10_26__23_22_08.json,0,5194,323756,/bin/bash /usr/local/bin/start.sh multibwa.sh /data /data/References/Broad_UMI /data/References/Broad_UMI/Human_RefSeq /data/Aligns 24 20 8,0,0,23,start.sh,20,1,298,2281472,53
431,1572132139,2019_10_26__23_22_19.json,0,5194,323756,/bin/bash /usr/local/bin/start.sh multibwa.sh /data /data/References/Broad_UMI /data/References/Broad_UMI/Human_RefSeq /data/Aligns 24 20 8,0,0,23,start.sh,20,1,298,2281472,53
432,1572132148,2019_10_26__23_22_28.json,0,5194,323756,/bin/bash /usr/local/bin/start.sh multibwa.sh /data /data/References/Broad_UMI /data/References/Broad_UMI/Human_RefSeq /data/Aligns 24 20 8,0,0,23,start.sh,20,1,298,2281472,53
433,1572132155,2019_10_26__23_22_35.json,0,5194,323756,/bin/bash /usr/local/bin/start.sh multibwa.sh /data /data/References/Broad_UMI /data/References/Broad_UMI/Human_RefSeq /data/Aligns 24 20 8,0,0,23,start.sh,20,1,298,2281472,53
434,1572132161,2019_10_26__23_22_41.json,0,5194,323756,/bin/bash /usr/local/bin/start.sh multibwa.sh /data /data/References/Broad_UMI /data/References/Broad_UMI/Human_RefSeq /data/Aligns 24 20 8,0,0,23,start.sh,20,1,298,2281472,53
435,1572132163,2019_10_26__23_22_43.json,0,5194,323756,/bin/bash /usr/local/bin/start.sh multibwa.sh /data /data/References/Broad_UMI /data/References/Broad_UMI/Human_RefSeq /data/Aligns 24 20 8,0,0,23,start.sh,20,1,298,2281472,53
436,1572132165,2019_10_26__23_22_45.json,0,5194,323756,/bin/bash /usr/local/bin/start.sh multibwa.sh /data /data/References/Broad_UMI /data/References/Broad_UMI/Human_RefSeq /data/Aligns 24 20 8,0,0,23,start.sh,20,1,298,2281472,53
437,1572132172,2019_10_26__23_22_52.json,0,5194,323756,/bin/bash /usr/local/bin/start.sh multibwa.sh /data /data/References/Broad_UMI /data/References/Broad_UMI/Human_RefSeq /data/Aligns 24 20 8,0,0,23,start.sh,20,1,298,2281472,53
438,1572132178,2019_10_26__23_22_58.json,0,5194,323756,/bin/bash /usr/local/bin/start.sh multibwa.sh /data /data/References/Broad_UMI /data/References/Broad_UMI/Human_RefSeq /data/Aligns 24 20 8,0,0,23,start.sh,20,1,298,2281472,53
439,1572132189,2019_10_26__23_23_09.json,0,5194,323756,/bin/bash /usr/local/bin/start.sh multibwa.sh /data /data/References/Broad_UMI /data/References/Broad_UMI/Human_RefSeq /data/Aligns 24 20 8,0,0,23,start.sh,20,1,298,2281472,53
440,1572132199,2019_10_26__23_23_19.json,0,5194,323756,/bin/bash /usr/local/bin/start.sh multibwa.sh /data /data/References/Broad_UMI /data/References/Broad_UMI/Human_RefSeq /data/Aligns 24 20 8,0,0,23,start.sh,20,1,298,2281472,53
441,1572132210,2019_10_26__23_23_30.json,0,5194,323756,/bin/bash /usr/local/bin/start.sh multibwa.sh /data /data/References/Broad_UMI /data/References/Broad_UMI/Human_RefSeq /data/Aligns 24 20 8,0,0,23,start.sh,20,1,298,2281472,53
442,1572132220,2019_10_26__23_23_40.json,0,5194,323756,/bin/bash /usr/local/bin/start.sh multibwa.sh /data /data/References/Broad_UMI /data/References/Broad_UMI/Human_RefSeq /data/Aligns 24 20 8,0,0,23,start.sh,20,1,298,2281472,53
443,1572132230,2019_10_26__23_23_50.json,0,5194,323756,/bin/bash /usr/local/bin/start.sh multibwa.sh /data /data/References/Broad_UMI /data/References/Broad_UMI/Human_RefSeq /data/Aligns 24 20 8,0,0,23,start.sh,20,1,298,2281472,53
444,1572132241,2019_10_26__23_24_01.json,0,5194,323756,/bin/bash /usr/local/bin/start.sh multibwa.sh /data /data/References/Broad_UMI /data/References/Broad_UMI/Human_RefSeq /data/Aligns 24 20 8,0,0,23,start.sh,20,1,298,2281472,53
445,1572132251,2019_10_26__23_24_11.json,0,5194,323756,/bin/bash /usr/local/bin/start.sh multibwa.sh /data /data/References/Broad_UMI /data/References/Broad_UMI/Human_RefSeq /data/Aligns 24 20 8,0,0,23,start.sh,20,1,298,2281472,53
446,1572132256,2019_10_26__23_24_16.json,0,5194,323756,/bin/bash /usr/local/bin/start.sh multibwa.sh /data /data/References/Broad_UMI /data/References/Broad_UMI/Human_RefSeq /data/Aligns 24 20 8,0,0,23,start.sh,20,1,298,2281472,53
447,1572132266,2019_10_26__23_24_26.json,0,5194,323756,/bin/bash /usr/local/bin/start.sh multibwa.sh /data /data/References/Broad_UMI /data/References/Broad_UMI/Human_RefSeq /data/Aligns 24 20 8,0,0,23,start.sh,20,1,298,2281472,53
448,1572132276,2019_10_26__23_24_36.json,0,5194,323756,/bin/bash /usr/local/bin/start.sh multibwa.sh /data /data/References/Broad_UMI /data/References/Broad_UMI/Human_RefSeq /data/Aligns 24 20 8,0,0,23,start.sh,20,1,298,2281472,53
449,1572132287,2019_10_26__23_24_47.json,0,5194,323756,/bin/bash /usr/local/bin/start.sh multibwa.sh /data /data/References/Broad_UMI /data/References/Broad_UMI/Human_RefSeq /data/Aligns 24 20 8,0,0,23,start.sh,20,1,298,2281472,53
450,1572132297,2019_10_26__23_24_57.json,0,5194,323756,/bin/bash /usr/local/bin/start.sh multibwa.sh /data /data/References/Broad_UMI /data/References/Broad_UMI/Human_RefSeq /data/Aligns 24 20 8,0,0,23,start.sh,20,1,298,2281472,53
451,1572132307,2019_10_26__23_25_07.json,0,5194,323756,/bin/bash /usr/local/bin/start.sh multibwa.sh /data /data/References/Broad_UMI /data/References/Broad_UMI/Human_RefSeq /data/Aligns 24 20 8,0,0,23,start.sh,20,1,298,2281472,53
452,1572132317,2019_10_26__23_25_17.json,0,5194,323756,/bin/bash /usr/local/bin/start.sh multibwa.sh /data /data/References/Broad_UMI /data/References/Broad_UMI/Human_RefSeq /data/Aligns 24 20 8,0,0,23,start.sh,20,1,298,2281472,53
453,1572132328,2019_10_26__23_25_28.json,0,5194,323756,/bin/bash /usr/local/bin/start.sh multibwa.sh /data /data/References/Broad_UMI /data/References/Broad_UMI/Human_RefSeq /data/Aligns 24 20 8,0,0,23,start.sh,20,1,298,2281472,53
454,1572132338,2019_10_26__23_25_38.json,0,5194,323756,/bin/bash /usr/local/bin/start.sh multibwa.sh /data /data/References/Broad_UMI /data/References/Broad_UMI/Human_RefSeq /data/Aligns 24 20 8,0,0,23,start.sh,20,1,298,2281472,53
455,1572132348,2019_10_26__23_25_48.json,0,5194,323756,/bin/bash /usr/local/bin/start.sh multibwa.sh /data /data/References/Broad_UMI /data/References/Broad_UMI/Human_RefSeq /data/Aligns 24 20 8,0,0,23,start.sh,20,1,298,2281472,53
456,1572132358,2019_10_26__23_25_58.json,0,5194,323756,/bin/bash /usr/local/bin/start.sh multibwa.sh /data /data/References/Broad_UMI /data/References/Broad_UMI/Human_RefSeq /data/Aligns 24 20 8,0,0,23,start.sh,20,1,298,2281472,53
457,1572132368,2019_10_26__23_26_08.json,0,5194,323756,/bin/bash /usr/local/bin/start.sh multibwa.sh /data /data/References/Broad_UMI /data/References/Broad_UMI/Human_RefSeq /data/Aligns 24 20 8,0,0,23,start.sh,20,1,298,2281472,53
458,1572132379,2019_10_26__23_26_19.json,0,5194,323756,/bin/bash /usr/local/bin/start.sh multibwa.sh /data /data/References/Broad_UMI /data/References/Broad_UMI/Human_RefSeq /data/Aligns 24 20 8,0,0,23,start.sh,20,1,298,2281472,53
459,1572132389,2019_10_26__23_26_29.json,0,5194,323756,/bin/bash /usr/local/bin/start.sh multibwa.sh /data /data/References/Broad_UMI /data/References/Broad_UMI/Human_RefSeq /data/Aligns 24 20 8,0,0,23,start.sh,20,1,298,2281472,53
460,1572132399,2019_10_26__23_26_39.json,0,5194,323756,/bin/bash /usr/local/bin/start.sh multibwa.sh /data /data/References/Broad_UMI /data/References/Broad_UMI/Human_RefSeq /data/Aligns 24 20 8,0,0,23,start.sh,20,1,298,2281472,53
461,1572132407,2019_10_26__23_26_47.json,0,5194,323756,/bin/bash /usr/local/bin/start.sh multibwa.sh /data /data/References/Broad_UMI /data/References/Broad_UMI/Human_RefSeq /data/Aligns 24 20 8,0,0,23,start.sh,20,1,298,2281472,53
462,1572132418,2019_10_26__23_26_58.json,0,5194,323756,/bin/bash /usr/local/bin/start.sh multibwa.sh /data /data/References/Broad_UMI /data/References/Broad_UMI/Human_RefSeq /data/Aligns 24 20 8,0,0,23,start.sh,20,1,298,2281472,53
463,1572132428,2019_10_26__23_27_08.json,0,5194,323756,/bin/bash /usr/local/bin/start.sh multibwa.sh /data /data/References/Broad_UMI /data/References/Broad_UMI/Human_RefSeq /data/Aligns 24 20 8,0,0,23,start.sh,20,1,298,2281472,53
464,1572132438,2019_10_26__23_27_18.json,0,5194,323756,/bin/bash /usr/local/bin/start.sh multibwa.sh /data /data/References/Broad_UMI /data/References/Broad_UMI/Human_RefSeq /data/Aligns 24 20 8,0,0,23,start.sh,20,1,298,2281472,53
465,1572132448,2019_10_26__23_27_28.json,0,5194,323756,/bin/bash /usr/local/bin/start.sh multibwa.sh /data /data/References/Broad_UMI /data/References/Broad_UMI/Human_RefSeq /data/Aligns 24 20 8,0,0,23,start.sh,20,1,298,2281472,53
466,1572132458,2019_10_26__23_27_38.json,0,5194,323756,/bin/bash /usr/local/bin/start.sh multibwa.sh /data /data/References/Broad_UMI /data/References/Broad_UMI/Human_RefSeq /data/Aligns 24 20 8,0,0,23,start.sh,20,1,298,2281472,53
467,1572132462,2019_10_26__23_27_42.json,0,5194,323756,/bin/bash /usr/local/bin/start.sh multibwa.sh /data /data/References/Broad_UMI /data/References/Broad_UMI/Human_RefSeq /data/Aligns 24 20 8,0,0,23,start.sh,20,1,298,2281472,53
468,1572132472,2019_10_26__23_27_52.json,0,5194,323756,/bin/bash /usr/local/bin/start.sh multibwa.sh /data /data/References/Broad_UMI /data/References/Broad_UMI/Human_RefSeq /data/Aligns 24 20 8,0,0,23,start.sh,20,1,298,2281472,53
469,1572132477,2019_10_26__23_27_57.json,0,5194,323756,/bin/bash /usr/local/bin/start.sh multibwa.sh /data /data/References/Broad_UMI /data/References/Broad_UMI/Human_RefSeq /data/Aligns 24 20 8,0,0,23,start.sh,20,1,298,2281472,53
470,1572132479,2019_10_26__23_27_59.json,0,5194,323756,/bin/bash /usr/local/bin/start.sh multibwa.sh /data /data/References/Broad_UMI /data/References/Broad_UMI/Human_RefSeq /data/Aligns 24 20 8,0,0,23,start.sh,20,1,298,2281472,53
471,1572132489,2019_10_26__23_28_09.json,0,5194,323756,/bin/bash /usr/local/bin/start.sh multibwa.sh /data /data/References/Broad_UMI /data/References/Broad_UMI/Human_RefSeq /data/Aligns 24 20 8,0,0,23,start.sh,20,1,298,2281472,53
472,1572132499,2019_10_26__23_28_19.json,0,5194,323756,/bin/bash /usr/local/bin/start.sh multibwa.sh /data /data/References/Broad_UMI /data/References/Broad_UMI/Human_RefSeq /data/Aligns 24 20 8,0,0,23,start.sh,20,1,298,2281472,53
473,1572132510,2019_10_26__23_28_29.json,0,5194,323756,/bin/bash /usr/local/bin/start.sh multibwa.sh /data /data/References/Broad_UMI /data/References/Broad_UMI/Human_RefSeq /data/Aligns 24 20 8,0,0,23,start.sh,20,1,298,2281472,53
474,1572132512,2019_10_26__23_28_32.json,0,6360,397354,/bin/bash /usr/local/bin/start.sh multibwa.sh /data /data/References/Broad_UMI /data/References/Broad_UMI/Human_RefSeq /data/Aligns 24 20 8,0,0,23,start.sh,25,1,298,2281472,67
475,1572132520,2019_10_26__23_28_40.json,0,6360,397354,/bin/bash /usr/local/bin/start.sh multibwa.sh /data /data/References/Broad_UMI /data/References/Broad_UMI/Human_RefSeq /data/Aligns 24 20 8,0,0,23,start.sh,25,1,298,2281472,67
476,1572132530,2019_10_26__23_28_50.json,0,6360,397354,/bin/bash /usr/local/bin/start.sh multibwa.sh /data /data/References/Broad_UMI /data/References/Broad_UMI/Human_RefSeq /data/Aligns 24 20 8,0,0,23,start.sh,25,1,298,2281472,67
477,1572132540,2019_10_26__23_29_00.json,0,6360,397354,/bin/bash /usr/local/bin/start.sh multibwa.sh /data /data/References/Broad_UMI /data/References/Broad_UMI/Human_RefSeq /data/Aligns 24 20 8,0,0,23,start.sh,25,1,298,2281472,67
478,1572132550,2019_10_26__23_29_10.json,0,6360,397354,/bin/bash /usr/local/bin/start.sh multibwa.sh /data /data/References/Broad_UMI /data/References/Broad_UMI/Human_RefSeq /data/Aligns 24 20 8,0,0,23,start.sh,25,1,298,2281472,67
479,1572132561,2019_10_26__23_29_20.json,0,6360,397354,/bin/bash /usr/local/bin/start.sh multibwa.sh /data /data/References/Broad_UMI /data/References/Broad_UMI/Human_RefSeq /data/Aligns 24 20 8,0,0,23,start.sh,25,1,298,2281472,67
480,1572132571,2019_10_26__23_29_31.json,0,6360,397354,/bin/bash /usr/local/bin/start.sh multibwa.sh /data /data/References/Broad_UMI /data/References/Broad_UMI/Human_RefSeq /data/Aligns 24 20 8,0,0,23,start.sh,25,1,298,2281472,67
481,1572132581,2019_10_26__23_29_41.json,0,6360,397354,/bin/bash /usr/local/bin/start.sh multibwa.sh /data /data/References/Broad_UMI /data/References/Broad_UMI/Human_RefSeq /data/Aligns 24 20 8,0,0,23,start.sh,25,1,298,2281472,67
482,1572132591,2019_10_26__23_29_51.json,0,6360,397354,/bin/bash /usr/local/bin/start.sh multibwa.sh /data /data/References/Broad_UMI /data/References/Broad_UMI/Human_RefSeq /data/Aligns 24 20 8,0,0,23,start.sh,25,1,298,2281472,67
483,1572132601,2019_10_26__23_30_01.json,0,6360,397354,/bin/bash /usr/local/bin/start.sh multibwa.sh /data /data/References/Broad_UMI /data/References/Broad_UMI/Human_RefSeq /data/Aligns 24 20 8,0,0,23,start.sh,25,1,298,2281472,67
484,1572132611,2019_10_26__23_30_11.json,0,6360,397354,/bin/bash /usr/local/bin/start.sh multibwa.sh /data /data/References/Broad_UMI /data/References/Broad_UMI/Human_RefSeq /data/Aligns 24 20 8,0,0,23,start.sh,25,1,298,2281472,67
485,1572132622,2019_10_26__23_30_22.json,0,6360,397354,/bin/bash /usr/local/bin/start.sh multibwa.sh /data /data/References/Broad_UMI /data/References/Broad_UMI/Human_RefSeq /data/Aligns 24 20 8,0,0,23,start.sh,25,1,298,2281472,67
486,1572132632,2019_10_26__23_30_32.json,0,6360,397354,/bin/bash /usr/local/bin/start.sh multibwa.sh /data /data/References/Broad_UMI /data/References/Broad_UMI/Human_RefSeq /data/Aligns 24 20 8,0,0,23,start.sh,25,1,298,2281472,67
487,1572132642,2019_10_26__23_30_42.json,0,6360,397354,/bin/bash /usr/local/bin/start.sh multibwa.sh /data /data/References/Broad_UMI /data/References/Broad_UMI/Human_RefSeq /data/Aligns 24 20 8,0,0,23,start.sh,25,1,298,2281472,67
488,1572132653,2019_10_26__23_30_52.json,0,6360,397354,/bin/bash /usr/local/bin/start.sh multibwa.sh /data /data/References/Broad_UMI /data/References/Broad_UMI/Human_RefSeq /data/Aligns 24 20 8,0,0,23,start.sh,25,1,298,2281472,67
489,1572132663,2019_10_26__23_31_03.json,0,6360,397354,/bin/bash /usr/local/bin/start.sh multibwa.sh /data /data/References/Broad_UMI /data/References/Broad_UMI/Human_RefSeq /data/Aligns 24 20 8,0,0,23,start.sh,25,1,298,2281472,67
490,1572132673,2019_10_26__23_31_13.json,0,6360,397354,/bin/bash /usr/local/bin/start.sh multibwa.sh /data /data/References/Broad_UMI /data/References/Broad_UMI/Human_RefSeq /data/Aligns 24 20 8,0,0,23,start.sh,25,1,298,2281472,67
491,1572132683,2019_10_26__23_31_23.json,0,6360,397354,/bin/bash /usr/local/bin/start.sh multibwa.sh /data /data/References/Broad_UMI /data/References/Broad_UMI/Human_RefSeq /data/Aligns 24 20 8,0,0,23,start.sh,25,1,298,2281472,67
492,1572132694,2019_10_26__23_31_34.json,0,6360,397354,/bin/bash /usr/local/bin/start.sh multibwa.sh /data /data/References/Broad_UMI /data/References/Broad_UMI/Human_RefSeq /data/Aligns 24 20 8,0,0,23,start.sh,25,1,298,2281472,67
493,1572132704,2019_10_26__23_31_44.json,0,6360,397354,/bin/bash /usr/local/bin/start.sh multibwa.sh /data /data/References/Broad_UMI /data/References/Broad_UMI/Human_RefSeq /data/Aligns 24 20 8,0,0,23,start.sh,25,1,298,2281472,67
494,1572132714,2019_10_26__23_31_54.json,0,6360,397354,/bin/bash /usr/local/bin/start.sh multibwa.sh /data /data/References/Broad_UMI /data/References/Broad_UMI/Human_RefSeq /data/Aligns 24 20 8,0,0,23,start.sh,25,1,298,2281472,67
495,1572132724,2019_10_26__23_32_04.json,0,6360,397354,/bin/bash /usr/local/bin/start.sh multibwa.sh /data /data/References/Broad_UMI /data/References/Broad_UMI/Human_RefSeq /data/Aligns 24 20 8,0,0,23,start.sh,25,1,298,2281472,67
496,1572132734,2019_10_26__23_32_14.json,0,6360,397354,/bin/bash /usr/local/bin/start.sh multibwa.sh /data /data/References/Broad_UMI /data/References/Broad_UMI/Human_RefSeq /data/Aligns 24 20 8,0,0,23,start.sh,25,1,298,2281472,67
497,1572132744,2019_10_26__23_32_24.json,0,6360,397354,/bin/bash /usr/local/bin/start.sh multibwa.sh /data /data/References/Broad_UMI /data/References/Broad_UMI/Human_RefSeq /data/Aligns 24 20 8,0,0,23,start.sh,25,1,298,2281472,67
498,1572132754,2019_10_26__23_32_34.json,0,6360,397354,/bin/bash /usr/local/bin/start.sh multibwa.sh /data /data/References/Broad_UMI /data/References/Broad_UMI/Human_RefSeq /data/Aligns 24 20 8,0,0,23,start.sh,25,1,298,2281472,67
499,1572132765,2019_10_26__23_32_45.json,0,6360,397354,/bin/bash /usr/local/bin/start.sh multibwa.sh /data /data/References/Broad_UMI /data/References/Broad_UMI/Human_RefSeq /data/Aligns 24 20 8,0,0,23,start.sh,25,1,298,2281472,67
500,1572132775,2019_10_26__23_32_55.json,0,6360,397354,/bin/bash /usr/local/bin/start.sh multibwa.sh /data /data/References/Broad_UMI /data/References/Broad_UMI/Human_RefSeq /data/Aligns 24 20 8,0,0,23,start.sh,25,1,298,2281472,67
501,1572132785,2019_10_26__23_33_05.json,0,6360,397354,/bin/bash /usr/local/bin/start.sh multibwa.sh /data /data/References/Broad_UMI /data/References/Broad_UMI/Human_RefSeq /data/Aligns 24 20 8,0,0,23,start.sh,25,1,298,2281472,67
502,1572132795,2019_10_26__23_33_15.json,0,6360,397354,/bin/bash /usr/local/bin/start.sh multibwa.sh /data /data/References/Broad_UMI /data/References/Broad_UMI/Human_RefSeq /data/Aligns 24 20 8,0,0,23,start.sh,25,1,298,2281472,67
503,1572132805,2019_10_26__23_33_25.json,0,6360,397354,/bin/bash /usr/local/bin/start.sh multibwa.sh /data /data/References/Broad_UMI /data/References/Broad_UMI/Human_RefSeq /data/Aligns 24 20 8,0,0,23,start.sh,25,1,298,2281472,67
504,1572132815,2019_10_26__23_33_35.json,0,6360,397354,/bin/bash /usr/local/bin/start.sh multibwa.sh /data /data/References/Broad_UMI /data/References/Broad_UMI/Human_RefSeq /data/Aligns 24 20 8,0,0,23,start.sh,25,1,298,2281472,67
505,1572132826,2019_10_26__23_33_46.json,0,6360,397354,/bin/bash /usr/local/bin/start.sh multibwa.sh /data /data/References/Broad_UMI /data/References/Broad_UMI/Human_RefSeq /data/Aligns 24 20 8,0,0,23,start.sh,25,1,298,2281472,67
506,1572132833,2019_10_26__23_33_53.json,0,6360,397354,/bin/bash /usr/local/bin/start.sh multibwa.sh /data /data/References/Broad_UMI /data/References/Broad_UMI/Human_RefSeq /data/Aligns 24 20 8,0,0,23,start.sh,25,1,298,2281472,67
507,1572132839,2019_10_26__23_33_59.json,0,6360,397354,/bin/bash /usr/local/bin/start.sh multibwa.sh /data /data/References/Broad_UMI /data/References/Broad_UMI/Human_RefSeq /data/Aligns 24 20 8,0,0,23,start.sh,25,1,298,2281472,67
508,1572132849,2019_10_26__23_34_09.json,0,6360,397354,/bin/bash /usr/local/bin/start.sh multibwa.sh /data /data/References/Broad_UMI /data/References/Broad_UMI/Human_RefSeq /data/Aligns 24 20 8,0,0,23,start.sh,25,1,298,2281472,67
509,1572132857,2019_10_26__23_34_17.json,0,6360,397354,/bin/bash /usr/local/bin/start.sh multibwa.sh /data /data/References/Broad_UMI /data/References/Broad_UMI/Human_RefSeq /data/Aligns 24 20 8,0,0,23,start.sh,25,1,298,2281472,67
510,1572132863,2019_10_26__23_34_23.json,0,6360,397354,/bin/bash /usr/local/bin/start.sh multibwa.sh /data /data/References/Broad_UMI /data/References/Broad_UMI/Human_RefSeq /data/Aligns 24 20 8,0,0,23,start.sh,25,1,298,2281472,67
511,1572132873,2019_10_26__23_34_33.json,0,6360,397354,/bin/bash /usr/local/bin/start.sh multibwa.sh /data /data/References/Broad_UMI /data/References/Broad_UMI/Human_RefSeq /data/Aligns 24 20 8,0,0,23,start.sh,25,1,298,2281472,67
512,1572132883,2019_10_26__23_34_43.json,0,6360,397354,/bin/bash /usr/local/bin/start.sh multibwa.sh /data /data/References/Broad_UMI /data/References/Broad_UMI/Human_RefSeq /data/Aligns 24 20 8,0,0,23,start.sh,25,1,298,2281472,67
513,1572132894,2019_10_26__23_34_54.json,0,6360,397354,/bin/bash /usr/local/bin/start.sh multibwa.sh /data /data/References/Broad_UMI /data/References/Broad_UMI/Human_RefSeq /data/Aligns 24 20 8,0,0,23,start.sh,25,1,298,2281472,67
514,1572132904,2019_10_26__23_35_04.json,0,6360,397354,/bin/bash /usr/local/bin/start.sh multibwa.sh /data /data/References/Broad_UMI /data/References/Broad_UMI/Human_RefSeq /data/Aligns 24 20 8,0,0,23,start.sh,25,1,298,2281472,67
515,1572132914,2019_10_26__23_35_14.json,0,6360,397354,/bin/bash /usr/local/bin/start.sh multibwa.sh /data /data/References/Broad_UMI /data/References/Broad_UMI/Human_RefSeq /data/Aligns 24 20 8,0,0,23,start.sh,25,1,298,2281472,67
516,1572132924,2019_10_26__23_35_24.json,0,6360,397354,/bin/bash /usr/local/bin/start.sh multibwa.sh /data /data/References/Broad_UMI /data/References/Broad_UMI/Human_RefSeq /data/Aligns 24 20 8,0,0,23,start.sh,25,1,298,2281472,67
517,1572132934,2019_10_26__23_35_34.json,0,6360,397354,/bin/bash /usr/local/bin/start.sh multibwa.sh /data /data/References/Broad_UMI /data/References/Broad_UMI/Human_RefSeq /data/Aligns 24 20 8,0,0,23,start.sh,25,1,298,2281472,67
518,1572132945,2019_10_26__23_35_45.json,0,6360,397354,/bin/bash /usr/local/bin/start.sh multibwa.sh /data /data/References/Broad_UMI /data/References/Broad_UMI/Human_RefSeq /data/Aligns 24 20 8,0,0,23,start.sh,25,1,298,2281472,67
519,1572132955,2019_10_26__23_35_55.json,0,6360,397354,/bin/bash /usr/local/bin/start.sh multibwa.sh /data /data/References/Broad_UMI /data/References/Broad_UMI/Human_RefSeq /data/Aligns 24 20 8,0,0,23,start.sh,25,1,298,2281472,67
520,1572132965,2019_10_26__23_36_05.json,0,6360,397354,/bin/bash /usr/local/bin/start.sh multibwa.sh /data /data/References/Broad_UMI /data/References/Broad_UMI/Human_RefSeq /data/Aligns 24 20 8,0,0,23,start.sh,25,1,298,2281472,67
521,1572132976,2019_10_26__23_36_15.json,0,6360,397354,/bin/bash /usr/local/bin/start.sh multibwa.sh /data /data/References/Broad_UMI /data/References/Broad_UMI/Human_RefSeq /data/Aligns 24 20 8,0,0,23,start.sh,25,1,298,2281472,67
522,1572132986,2019_10_26__23_36_26.json,0,6360,397354,/bin/bash /usr/local/bin/start.sh multibwa.sh /data /data/References/Broad_UMI /data/References/Broad_UMI/Human_RefSeq /data/Aligns 24 20 8,0,0,23,start.sh,25,1,298,2281472,67
523,1572132996,2019_10_26__23_36_36.json,0,6360,397354,/bin/bash /usr/local/bin/start.sh multibwa.sh /data /data/References/Broad_UMI /data/References/Broad_UMI/Human_RefSeq /data/Aligns 24 20 8,0,0,23,start.sh,25,1,298,2281472,67
524,1572133006,2019_10_26__23_36_46.json,0,6360,397354,/bin/bash /usr/local/bin/start.sh multibwa.sh /data /data/References/Broad_UMI /data/References/Broad_UMI/Human_RefSeq /data/Aligns 24 20 8,0,0,23,start.sh,25,1,298,2281472,67
525,1572133016,2019_10_26__23_36_56.json,0,6360,397354,/bin/bash /usr/local/bin/start.sh multibwa.sh /data /data/References/Broad_UMI /data/References/Broad_UMI/Human_RefSeq /data/Aligns 24 20 8,0,0,23,start.sh,25,1,298,2281472,67
526,1572133026,2019_10_26__23_37_06.json,0,6360,397354,/bin/bash /usr/local/bin/start.sh multibwa.sh /data /data/References/Broad_UMI /data/References/Broad_UMI/Human_RefSeq /data/Aligns 24 20 8,0,0,23,start.sh,25,1,298,2281472,67
527,1572133035,2019_10_26__23_37_15.json,0,6360,397354,/bin/bash /usr/local/bin/start.sh multibwa.sh /data /data/References/Broad_UMI /data/References/Broad_UMI/Human_RefSeq /data/Aligns 24 20 8,0,0,23,start.sh,25,1,298,2281472,67
528,1572133045,2019_10_26__23_37_25.json,0,6360,397354,/bin/bash /usr/local/bin/start.sh multibwa.sh /data /data/References/Broad_UMI /data/References/Broad_UMI/Human_RefSeq /data/Aligns 24 20 8,0,0,23,start.sh,25,1,298,2281472,67
529,1572133049,2019_10_26__23_37_29.json,0,6360,397354,/bin/bash /usr/local/bin/start.sh multibwa.sh /data /data/References/Broad_UMI /data/References/Broad_UMI/Human_RefSeq /data/Aligns 24 20 8,0,0,23,start.sh,25,1,298,2281472,67
530,1572133050,2019_10_26__23_37_30.json,0,6360,397354,/bin/bash /usr/local/bin/start.sh multibwa.sh /data /data/References/Broad_UMI /data/References/Broad_UMI/Human_RefSeq /data/Aligns 24 20 8,0,0,23,start.sh,25,1,298,2281472,67
531,1572133060,2019_10_26__23_37_40.json,0,6360,397354,/bin/bash /usr/local/bin/start.sh multibwa.sh /data /data/References/Broad_UMI /data/References/Broad_UMI/Human_RefSeq /data/Aligns 24 20 8,0,0,23,start.sh,25,1,298,2281472,67
532,1572133067,2019_10_26__23_37_47.json,0,6360,397354,/bin/bash /usr/local/bin/start.sh multibwa.sh /data /data/References/Broad_UMI /data/References/Broad_UMI/Human_RefSeq /data/Aligns 24 20 8,0,0,23,start.sh,25,1,298,2281472,67
533,1572133071,2019_10_26__23_37_51.json,0,6360,397354,/bin/bash /usr/local/bin/start.sh multibwa.sh /data /data/References/Broad_UMI /data/References/Broad_UMI/Human_RefSeq /data/Aligns 24 20 8,0,0,23,start.sh,25,1,298,2281472,67
534,1572133077,2019_10_26__23_37_57.json,0,6360,397354,/bin/bash /usr/local/bin/start.sh multibwa.sh /data /data/References/Broad_UMI /data/References/Broad_UMI/Human_RefSeq /data/Aligns 24 20 8,0,0,23,start.sh,25,1,298,2281472,67
535,1572133087,2019_10_26__23_38_07.json,0,6360,397354,/bin/bash /usr/local/bin/start.sh multibwa.sh /data /data/References/Broad_UMI /data/References/Broad_UMI/Human_RefSeq /data/Aligns 24 20 8,0,0,23,start.sh,25,1,298,2281472,67
536,1572133097,2019_10_26__23_38_17.json,0,6360,397354,/bin/bash /usr/local/bin/start.sh multibwa.sh /data /data/References/Broad_UMI /data/References/Broad_UMI/Human_RefSeq /data/Aligns 24 20 8,0,0,23,start.sh,25,1,298,2281472,67
537,1572133108,2019_10_26__23_38_28.json,0,6360,397354,/bin/bash /usr/local/bin/start.sh multibwa.sh /data /data/References/Broad_UMI /data/References/Broad_UMI/Human_RefSeq /data/Aligns 24 20 8,0,0,23,start.sh,25,1,298,2281472,67
538,1572133118,2019_10_26__23_38_38.json,0,6360,397354,/bin/bash /usr/local/bin/start.sh multibwa.sh /data /data/References/Broad_UMI /data/References/Broad_UMI/Human_RefSeq /data/Aligns 24 20 8,0,0,23,start.sh,25,1,298,2281472,67
539,1572133126,2019_10_26__23_38_46.json,0,6360,397354,/bin/bash /usr/local/bin/start.sh multibwa.sh /data /data/References/Broad_UMI /data/References/Broad_UMI/Human_RefSeq /data/Aligns 24 20 8,0,0,23,start.sh,25,1,298,2281472,67
540,1572133136,2019_10_26__23_38_56.json,0,6360,397354,/bin/bash /usr/local/bin/start.sh multibwa.sh /data /data/References/Broad_UMI /data/References/Broad_UMI/Human_RefSeq /data/Aligns 24 20 8,0,0,23,start.sh,25,1,298,2281472,67
541,1572133146,2019_10_26__23_39_06.json,0,6360,397354,/bin/bash /usr/local/bin/start.sh multibwa.sh /data /data/References/Broad_UMI /data/References/Broad_UMI/Human_RefSeq /data/Aligns 24 20 8,0,0,23,start.sh,25,1,298,2281472,67
542,1572133157,2019_10_26__23_39_17.json,0,6360,397354,/bin/bash /usr/local/bin/start.sh multibwa.sh /data /data/References/Broad_UMI /data/References/Broad_UMI/Human_RefSeq /data/Aligns 24 20 8,0,0,23,start.sh,25,1,298,2281472,67
543,1572133167,2019_10_26__23_39_27.json,0,6360,397354,/bin/bash /usr/local/bin/start.sh multibwa.sh /data /data/References/Broad_UMI /data/References/Broad_UMI/Human_RefSeq /data/Aligns 24 20 8,0,0,23,start.sh,25,1,298,2281472,67
544,1572133177,2019_10_26__23_39_37.json,0,6360,397354,/bin/bash /usr/local/bin/start.sh multibwa.sh /data /data/References/Broad_UMI /data/References/Broad_UMI/Human_RefSeq /data/Aligns 24 20 8,0,0,23,start.sh,25,1,298,2281472,67
545,1572133187,2019_10_26__23_39_47.json,0,6360,397354,/bin/bash /usr/local/bin/start.sh multibwa.sh /data /data/References/Broad_UMI /data/References/Broad_UMI/Human_RefSeq /data/Aligns 24 20 8,0,0,23,start.sh,25,1,298,2281472,67
546,1572133198,2019_10_26__23_39_58.json,0,6360,397354,/bin/bash /usr/local/bin/start.sh multibwa.sh /data /data/References/Broad_UMI /data/References/Broad_UMI/Human_RefSeq /data/Aligns 24 20 8,0,0,23,start.sh,25,1,298,2281472,67
547,1572133203,2019_10_26__23_40_03.json,0,6360,397354,/bin/bash /usr/local/bin/start.sh multibwa.sh /data /data/References/Broad_UMI /data/References/Broad_UMI/Human_RefSeq /data/Aligns 24 20 8,0,0,23,start.sh,25,1,298,2281472,67
548,1572133206,2019_10_26__23_40_06.json,0,6360,397354,/bin/bash /usr/local/bin/start.sh multibwa.sh /data /data/References/Broad_UMI /data/References/Broad_UMI/Human_RefSeq /data/Aligns 24 20 8,0,0,23,start.sh,25,1,298,2281472,67
549,1572133213,2019_10_26__23_40_13.json,0,6360,397354,/bin/bash /usr/local/bin/start.sh multibwa.sh /data /data/References/Broad_UMI /data/References/Broad_UMI/Human_RefSeq /data/Aligns 24 20 8,0,0,23,start.sh,25,1,298,2281472,67
550,1572133223,2019_10_26__23_40_23.json,0,6360,397354,/bin/bash /usr/local/bin/start.sh multibwa.sh /data /data/References/Broad_UMI /data/References/Broad_UMI/Human_RefSeq /data/Aligns 24 20 8,0,0,23,start.sh,25,1,298,2281472,67
551,1572133233,2019_10_26__23_40_33.json,0,6360,397354,/bin/bash /usr/local/bin/start.sh multibwa.sh /data /data/References/Broad_UMI /data/References/Broad_UMI/Human_RefSeq /data/Aligns 24 20 8,0,0,23,start.sh,25,1,298,2281472,67
552,1572133244,2019_10_26__23_40_44.json,0,6360,397354,/bin/bash /usr/local/bin/start.sh multibwa.sh /data /data/References/Broad_UMI /data/References/Broad_UMI/Human_RefSeq /data/Aligns 24 20 8,0,0,23,start.sh,25,1,298,2281472,67
553,1572133254,2019_10_26__23_40_54.json,0,6360,397354,/bin/bash /usr/local/bin/start.sh multibwa.sh /data /data/References/Broad_UMI /data/References/Broad_UMI/Human_RefSeq /data/Aligns 24 20 8,0,0,23,start.sh,25,1,298,2281472,67
554,1572133264,2019_10_26__23_41_04.json,0,6360,397354,/bin/bash /usr/local/bin/start.sh multibwa.sh /data /data/References/Broad_UMI /data/References/Broad_UMI/Human_RefSeq /data/Aligns 24 20 8,0,0,23,start.sh,25,1,298,2281472,67
555,1572133266,2019_10_26__23_41_06.json,0,6360,397354,/bin/bash /usr/local/bin/start.sh multibwa.sh /data /data/References/Broad_UMI /data/References/Broad_UMI/Human_RefSeq /data/Aligns 24 20 8,0,0,23,start.sh,25,1,298,2281472,67
556,1572133277,2019_10_26__23_41_17.json,0,6360,397354,/bin/bash /usr/local/bin/start.sh multibwa.sh /data /data/References/Broad_UMI /data/References/Broad_UMI/Human_RefSeq /data/Aligns 24 20 8,0,0,23,start.sh,25,1,298,2281472,67
557,1572133287,2019_10_26__23_41_27.json,0,6360,397354,/bin/bash /usr/local/bin/start.sh multibwa.sh /data /data/References/Broad_UMI /data/References/Broad_UMI/Human_RefSeq /data/Aligns 24 20 8,0,0,23,start.sh,25,1,298,2281472,67
558,1572133297,2019_10_26__23_41_37.json,0,6360,397354,/bin/bash /usr/local/bin/start.sh multibwa.sh /data /data/References/Broad_UMI /data/References/Broad_UMI/Human_RefSeq /data/Aligns 24 20 8,0,0,23,start.sh,25,1,298,2281472,67
559,1572133307,2019_10_26__23_41_47.json,0,6360,397354,/bin/bash /usr/local/bin/start.sh multibwa.sh /data /data/References/Broad_UMI /data/References/Broad_UMI/Human_RefSeq /data/Aligns 24 20 8,0,0,23,start.sh,25,1,298,2281472,67
560,1572133318,2019_10_26__23_41_58.json,0,6360,397354,/bin/bash /usr/local/bin/start.sh multibwa.sh /data /data/References/Broad_UMI /data/References/Broad_UMI/Human_RefSeq /data/Aligns 24 20 8,0,0,23,start.sh,25,1,298,2281472,67
561,1572133328,2019_10_26__23_42_08.json,0,6360,397354,/bin/bash /usr/local/bin/start.sh multibwa.sh /data /data/References/Broad_UMI /data/References/Broad_UMI/Human_RefSeq /data/Aligns 24 20 8,0,0,23,start.sh,25,1,298,2281472,67
562,1572133338,2019_10_26__23_42_18.json,0,6360,397354,/bin/bash /usr/local/bin/start.sh multibwa.sh /data /data/References/Broad_UMI /data/References/Broad_UMI/Human_RefSeq /data/Aligns 24 20 8,0,0,23,start.sh,25,1,298,2281472,67
563,1572133348,2019_10_26__23_42_28.json,0,6360,397354,/bin/bash /usr/local/bin/start.sh multibwa.sh /data /data/References/Broad_UMI /data/References/Broad_UMI/Human_RefSeq /data/Aligns 24 20 8,0,0,23,start.sh,25,1,298,2281472,67
564,1572133358,2019_10_26__23_42_38.json,0,6360,397354,/bin/bash /usr/local/bin/start.sh multibwa.sh /data /data/References/Broad_UMI /data/References/Broad_UMI/Human_RefSeq /data/Aligns 24 20 8,0,0,23,start.sh,25,1,298,2281472,67
565,1572133363,2019_10_26__23_42_43.json,0,6360,397354,/bin/bash /usr/local/bin/start.sh multibwa.sh /data /data/References/Broad_UMI /data/References/Broad_UMI/Human_RefSeq /data/Aligns 24 20 8,0,0,23,start.sh,25,1,298,2281472,67
566,1572133371,2019_10_26__23_42_51.json,0,6360,397354,/bin/bash /usr/local/bin/start.sh multibwa.sh /data /data/References/Broad_UMI /data/References/Broad_UMI/Human_RefSeq /data/Aligns 24 20 8,0,0,23,start.sh,25,1,298,2281472,67
567,1572133382,2019_10_26__23_43_02.json,0,6360,397354,/bin/bash /usr/local/bin/start.sh multibwa.sh /data /data/References/Broad_UMI /data/References/Broad_UMI/Human_RefSeq /data/Aligns 24 20 8,0,0,23,start.sh,25,1,298,2281472,67
568,1572133392,2019_10_26__23_43_12.json,0,6360,397354,/bin/bash /usr/local/bin/start.sh multibwa.sh /data /data/References/Broad_UMI /data/References/Broad_UMI/Human_RefSeq /data/Aligns 24 20 8,0,0,23,start.sh,25,1,298,2281472,67
569,1572133400,2019_10_26__23_43_20.json,0,7630,484224,/bin/bash /usr/local/bin/start.sh multibwa.sh /data /data/References/Broad_UMI /data/References/Broad_UMI/Human_RefSeq /data/Aligns 24 20 8,0,0,23,start.sh,31,1,298,2281472,79
570,1572133402,2019_10_26__23_43_22.json,0,7697,484224,/bin/bash /usr/local/bin/start.sh multibwa.sh /data /data/References/Broad_UMI /data/References/Broad_UMI/Human_RefSeq /data/Aligns 24 20 8,0,0,23,start.sh,31,1,298,2281472,81
571,1572133406,2019_10_26__23_43_26.json,0,7697,484224,/bin/bash /usr/local/bin/start.sh multibwa.sh /data /data/References/Broad_UMI /data/References/Broad_UMI/Human_RefSeq /data/Aligns 24 20 8,0,0,23,start.sh,31,1,298,2281472,81
572,1572133409,2019_10_26__23_43_29.json,0,7697,484224,/bin/bash /usr/local/bin/start.sh multibwa.sh /data /data/References/Broad_UMI /data/References/Broad_UMI/Human_RefSeq /data/Aligns 24 20 8,0,0,23,start.sh,31,1,298,2281472,81
573,1572133410,2019_10_26__23_43_30.json,0,7697,484224,/bin/bash /usr/local/bin/start.sh multibwa.sh /data /data/References/Broad_UMI /data/References/Broad_UMI/Human_RefSeq /data/Aligns 24 20 8,0,0,23,start.sh,31,1,298,2281472,81
574,1572133420,2019_10_26__23_43_40.json,0,7697,484224,/bin/bash /usr/local/bin/start.sh multibwa.sh /data /data/References/Broad_UMI /data/References/Broad_UMI/Human_RefSeq /data/Aligns 24 20 8,0,0,23,start.sh,31,1,298,2281472,81
575,1572133430,2019_10_26__23_43_50.json,0,7697,484224,/bin/bash /usr/local/bin/start.sh multibwa.sh /data /data/References/Broad_UMI /data/References/Broad_UMI/Human_RefSeq /data/Aligns 24 20 8,0,0,23,start.sh,31,1,298,2281472,81
576,1572133441,2019_10_26__23_44_01.json,0,7697,484224,/bin/bash /usr/local/bin/start.sh multibwa.sh /data /data/References/Broad_UMI /data/References/Broad_UMI/Human_RefSeq /data/Aligns 24 20 8,0,0,23,start.sh,31,1,298,2281472,81
577,1572133451,2019_10_26__23_44_11.json,0,7697,484224,/bin/bash /usr/local/bin/start.sh multibwa.sh /data /data/References/Broad_UMI /data/References/Broad_UMI/Human_RefSeq /data/Aligns 24 20 8,0,0,23,start.sh,31,1,298,2281472,81
578,1572133461,2019_10_26__23_44_21.json,0,7697,484224,/bin/bash /usr/local/bin/start.sh multibwa.sh /data /data/References/Broad_UMI /data/References/Broad_UMI/Human_RefSeq /data/Aligns 24 20 8,0,0,23,start.sh,31,1,298,2281472,81
579,1572133471,2019_10_26__23_44_31.json,0,7697,484224,/bin/bash /usr/local/bin/start.sh multibwa.sh /data /data/References/Broad_UMI /data/References/Broad_UMI/Human_RefSeq /data/Aligns 24 20 8,0,0,23,start.sh,31,1,298,2281472,81
580,1572133482,2019_10_26__23_44_42.json,0,7697,484224,/bin/bash /usr/local/bin/start.sh multibwa.sh /data /data/References/Broad_UMI /data/References/Broad_UMI/Human_RefSeq /data/Aligns 24 20 8,0,0,23,start.sh,31,1,298,2281472,81
581,1572133492,2019_10_26__23_44_52.json,0,7697,484224,/bin/bash /usr/local/bin/start.sh multibwa.sh /data /data/References/Broad_UMI /data/References/Broad_UMI/Human_RefSeq /data/Aligns 24 20 8,0,0,23,start.sh,31,1,298,2281472,81
582,1572133502,2019_10_26__23_45_02.json,0,7697,484224,/bin/bash /usr/local/bin/start.sh multibwa.sh /data /data/References/Broad_UMI /data/References/Broad_UMI/Human_RefSeq /data/Aligns 24 20 8,0,0,23,start.sh,31,1,298,2281472,81
583,1572133512,2019_10_26__23_45_12.json,0,7697,484224,/bin/bash /usr/local/bin/start.sh multibwa.sh /data /data/References/Broad_UMI /data/References/Broad_UMI/Human_RefSeq /data/Aligns 24 20 8,0,0,23,start.sh,31,1,298,2281472,81
584,1572133523,2019_10_26__23_45_23.json,0,7697,484224,/bin/bash /usr/local/bin/start.sh multibwa.sh /data /data/References/Broad_UMI /data/References/Broad_UMI/Human_RefSeq /data/Aligns 24 20 8,0,0,23,start.sh,31,1,298,2281472,81
585,1572133533,2019_10_26__23_45_33.json,0,7697,484224,/bin/bash /usr/local/bin/start.sh multibwa.sh /data /data/References/Broad_UMI /data/References/Broad_UMI/Human_RefSeq /data/Aligns 24 20 8,0,0,23,start.sh,31,1,298,2281472,81
586,1572133543,2019_10_26__23_45_43.json,0,7697,484224,/bin/bash /usr/local/bin/start.sh multibwa.sh /data /data/References/Broad_UMI /data/References/Broad_UMI/Human_RefSeq /data/Aligns 24 20 8,0,0,23,start.sh,31,1,298,2281472,81
587,1572133554,2019_10_26__23_45_54.json,0,7697,484224,/bin/bash /usr/local/bin/start.sh multibwa.sh /data /data/References/Broad_UMI /data/References/Broad_UMI/Human_RefSeq /data/Aligns 24 20 8,0,0,23,start.sh,31,1,298,2281472,81
588,1572133564,2019_10_26__23_46_04.json,0,7697,484224,/bin/bash /usr/local/bin/start.sh multibwa.sh /data /data/References/Broad_UMI /data/References/Broad_UMI/Human_RefSeq /data/Aligns 24 20 8,0,0,23,start.sh,31,1,298,2281472,81
589,1572133574,2019_10_26__23_46_14.json,0,7697,484224,/bin/bash /usr/local/bin/start.sh multibwa.sh /data /data/References/Broad_UMI /data/References/Broad_UMI/Human_RefSeq /data/Aligns 24 20 8,0,0,23,start.sh,31,1,298,2281472,81
590,1572133584,2019_10_26__23_46_24.json,0,7697,484224,/bin/bash /usr/local/bin/start.sh multibwa.sh /data /data/References/Broad_UMI /data/References/Broad_UMI/Human_RefSeq /data/Aligns 24 20 8,0,0,23,start.sh,31,1,298,2281472,81
591,1572133594,2019_10_26__23_46_34.json,0,7697,484224,/bin/bash /usr/local/bin/start.sh multibwa.sh /data /data/References/Broad_UMI /data/References/Broad_UMI/Human_RefSeq /data/Aligns 24 20 8,0,0,23,start.sh,31,1,298,2281472,81
592,1572133604,2019_10_26__23_46_44.json,0,7697,484224,/bin/bash /usr/local/bin/start.sh multibwa.sh /data /data/References/Broad_UMI /data/References/Broad_UMI/Human_RefSeq /data/Aligns 24 20 8,0,0,23,start.sh,31,1,298,2281472,81
593,1572133615,2019_10_26__23_46_55.json,0,7697,484224,/bin/bash /usr/local/bin/start.sh multibwa.sh /data /data/References/Broad_UMI /data/References/Broad_UMI/Human_RefSeq /data/Aligns 24 20 8,0,0,23,start.sh,31,1,298,2281472,81
594,1572133625,2019_10_26__23_47_05.json,0,7697,484224,/bin/bash /usr/local/bin/start.sh multibwa.sh /data /data/References/Broad_UMI /data/References/Broad_UMI/Human_RefSeq /data/Aligns 24 20 8,0,0,23,start.sh,31,1,298,2281472,81
595,1572133635,2019_10_26__23_47_15.json,0,7697,484224,/bin/bash /usr/local/bin/start.sh multibwa.sh /data /data/References/Broad_UMI /data/References/Broad_UMI/Human_RefSeq /data/Aligns 24 20 8,0,0,23,start.sh,31,1,298,2281472,81
596,1572133646,2019_10_26__23_47_26.json,0,7697,484224,/bin/bash /usr/local/bin/start.sh multibwa.sh /data /data/References/Broad_UMI /data/References/Broad_UMI/Human_RefSeq /data/Aligns 24 20 8,0,0,23,start.sh,31,1,298,2281472,81
597,1572133656,2019_10_26__23_47_36.json,0,7697,484224,/bin/bash /usr/local/bin/start.sh multibwa.sh /data /data/References/Broad_UMI /data/References/Broad_UMI/Human_RefSeq /data/Aligns 24 20 8,0,0,23,start.sh,31,1,298,2281472,81
598,1572133666,2019_10_26__23_47_46.json,0,7697,484224,/bin/bash /usr/local/bin/start.sh multibwa.sh /data /data/References/Broad_UMI /data/References/Broad_UMI/Human_RefSeq /data/Aligns 24 20 8,0,0,23,start.sh,31,1,298,2281472,81
599,1572133676,2019_10_26__23_47_56.json,0,7697,484224,/bin/bash /usr/local/bin/start.sh multibwa.sh /data /data/References/Broad_UMI /data/References/Broad_UMI/Human_RefSeq /data/Aligns 24 20 8,0,0,23,start.sh,31,1,298,2281472,81
600,1572133686,2019_10_26__23_48_06.json,0,7697,484224,/bin/bash /usr/local/bin/start.sh multibwa.sh /data /data/References/Broad_UMI /data/References/Broad_UMI/Human_RefSeq /data/Aligns 24 20 8,0,0,23,start.sh,31,1,298,2281472,81
601,1572133696,2019_10_26__23_48_16.json,0,7697,484224,/bin/bash /usr/local/bin/start.sh multibwa.sh /data /data/References/Broad_UMI /data/References/Broad_UMI/Human_RefSeq /data/Aligns 24 20 8,0,0,23,start.sh,31,1,298,2281472,81
602,1572133706,2019_10_26__23_48_26.json,0,7697,484224,/bin/bash /usr/local/bin/start.sh multibwa.sh /data /data/References/Broad_UMI /data/References/Broad_UMI/Human_RefSeq /data/Aligns 24 20 8,0,0,23,start.sh,31,1,298,2281472,81
603,1572133717,2019_10_26__23_48_37.json,0,7697,484224,/bin/bash /usr/local/bin/start.sh multibwa.sh /data /data/References/Broad_UMI /data/References/Broad_UMI/Human_RefSeq /data/Aligns 24 20 8,0,0,23,start.sh,31,1,298,2281472,81
604,1572133727,2019_10_26__23_48_47.json,0,7697,484224,/bin/bash /usr/local/bin/start.sh multibwa.sh /data /data/References/Broad_UMI /data/References/Broad_UMI/Human_RefSeq /data/Aligns 24 20 8,0,0,23,start.sh,31,1,298,2281472,81
605,1572133735,2019_10_26__23_48_55.json,0,7697,484224,/bin/bash /usr/local/bin/start.sh multibwa.sh /data /data/References/Broad_UMI /data/References/Broad_UMI/Human_RefSeq /data/Aligns 24 20 8,0,0,23,start.sh,31,1,298,2281472,81
606,1572133737,2019_10_26__23_48_57.json,0,7697,484224,/bin/bash /usr/local/bin/start.sh multibwa.sh /data /data/References/Broad_UMI /data/References/Broad_UMI/Human_RefSeq /data/Aligns 24 20 8,0,0,23,start.sh,31,1,298,2281472,81
607,1572133747,2019_10_26__23_49_07.json,0,7697,484224,/bin/bash /usr/local/bin/start.sh multibwa.sh /data /data/References/Broad_UMI /data/References/Broad_UMI/Human_RefSeq /data/Aligns 24 20 8,0,0,23,start.sh,31,1,298,2281472,81
608,1572133757,2019_10_26__23_49_17.json,0,7697,484224,/bin/bash /usr/local/bin/start.sh multibwa.sh /data /data/References/Broad_UMI /data/References/Broad_UMI/Human_RefSeq /data/Aligns 24 20 8,0,0,23,start.sh,31,1,298,2281472,81
609,1572133767,2019_10_26__23_49_27.json,0,7697,484224,/bin/bash /usr/local/bin/start.sh multibwa.sh /data /data/References/Broad_UMI /data/References/Broad_UMI/Human_RefSeq /data/Aligns 24 20 8,0,0,23,start.sh,31,1,298,2281472,81
610,1572133778,2019_10_26__23_49_38.json,0,7697,484224,/bin/bash /usr/local/bin/start.sh multibwa.sh /data /data/References/Broad_UMI /data/References/Broad_UMI/Human_RefSeq /data/Aligns 24 20 8,0,0,23,start.sh,31,1,298,2281472,81
611,1572133788,2019_10_26__23_49_48.json,0,7697,484224,/bin/bash /usr/local/bin/start.sh multibwa.sh /data /data/References/Broad_UMI /data/References/Broad_UMI/Human_RefSeq /data/Aligns 24 20 8,0,0,23,start.sh,31,1,298,2281472,81
612,1572133798,2019_10_26__23_49_58.json,0,7697,484224,/bin/bash /usr/local/bin/start.sh multibwa.sh /data /data/References/Broad_UMI /data/References/Broad_UMI/Human_RefSeq /data/Aligns 24 20 8,0,0,23,start.sh,31,1,298,2281472,81
613,1572133808,2019_10_26__23_50_08.json,0,7697,484224,/bin/bash /usr/local/bin/start.sh multibwa.sh /data /data/References/Broad_UMI /data/References/Broad_UMI/Human_RefSeq /data/Aligns 24 20 8,0,0,23,start.sh,31,1,298,2281472,81
614,1572133818,2019_10_26__23_50_18.json,0,7697,484224,/bin/bash /usr/local/bin/start.sh multibwa.sh /data /data/References/Broad_UMI /data/References/Broad_UMI/Human_RefSeq /data/Aligns 24 20 8,0,0,23,start.sh,31,1,298,2281472,81
615,1572133829,2019_10_26__23_50_29.json,0,7697,484224,/bin/bash /usr/local/bin/start.sh multibwa.sh /data /data/References/Broad_UMI /data/References/Broad_UMI/Human_RefSeq /data/Aligns 24 20 8,0,0,23,start.sh,31,1,298,2281472,81
616,1572133837,2019_10_26__23_50_37.json,0,7697,484224,/bin/bash /usr/local/bin/start.sh multibwa.sh /data /data/References/Broad_UMI /data/References/Broad_UMI/Human_RefSeq /data/Aligns 24 20 8,0,0,23,start.sh,31,1,298,2281472,81
617,1572133839,2019_10_26__23_50_39.json,0,7697,484224,/bin/bash /usr/local/bin/start.sh multibwa.sh /data /data/References/Broad_UMI /data/References/Broad_UMI/Human_RefSeq /data/Aligns 24 20 8,0,0,23,start.sh,31,1,298,2281472,81
618,1572133841,2019_10_26__23_50_41.json,0,7697,484224,/bin/bash /usr/local/bin/start.sh multibwa.sh /data /data/References/Broad_UMI /data/References/Broad_UMI/Human_RefSeq /data/Aligns 24 20 8,0,0,23,start.sh,31,1,298,2281472,81
619,1572133844,2019_10_26__23_50_44.json,0,7697,484224,/bin/bash /usr/local/bin/start.sh multibwa.sh /data /data/References/Broad_UMI /data/References/Broad_UMI/Human_RefSeq /data/Aligns 24 20 8,0,0,23,start.sh,31,1,298,2281472,81
620,1572133854,2019_10_26__23_50_54.json,0,7697,484224,/bin/bash /usr/local/bin/start.sh multibwa.sh /data /data/References/Broad_UMI /data/References/Broad_UMI/Human_RefSeq /data/Aligns 24 20 8,0,0,23,start.sh,31,1,298,2281472,81
621,1572133864,2019_10_26__23_51_04.json,0,7697,484224,/bin/bash /usr/local/bin/start.sh multibwa.sh /data /data/References/Broad_UMI /data/References/Broad_UMI/Human_RefSeq /data/Aligns 24 20 8,0,0,23,start.sh,31,1,298,2281472,81
622,1572133874,2019_10_26__23_51_14.json,0,7697,484224,/bin/bash /usr/local/bin/start.sh multibwa.sh /data /data/References/Broad_UMI /data/References/Broad_UMI/Human_RefSeq /data/Aligns 24 20 8,0,0,23,start.sh,31,1,298,2281472,81
623,1572133884,2019_10_26__23_51_24.json,0,7697,484224,/bin/bash /usr/local/bin/start.sh multibwa.sh /data /data/References/Broad_UMI /data/References/Broad_UMI/Human_RefSeq /data/Aligns 24 20 8,0,0,23,start.sh,31,1,298,2281472,81
624,1572133895,2019_10_26__23_51_35.json,0,7697,484224,/bin/bash /usr/local/bin/start.sh multibwa.sh /data /data/References/Broad_UMI /data/References/Broad_UMI/Human_RefSeq /data/Aligns 24 20 8,0,0,23,start.sh,31,1,298,2281472,81
625,1572133905,2019_10_26__23_51_45.json,0,7697,484224,/bin/bash /usr/local/bin/start.sh multibwa.sh /data /data/References/Broad_UMI /data/References/Broad_UMI/Human_RefSeq /data/Aligns 24 20 8,0,0,23,start.sh,31,1,298,2281472,81
626,1572133915,2019_10_26__23_51_55.json,0,7697,484224,/bin/bash /usr/local/bin/start.sh multibwa.sh /data /data/References/Broad_UMI /data/References/Broad_UMI/Human_RefSeq /data/Aligns 24 20 8,0,0,23,start.sh,31,1,298,2281472,81
627,1572133926,2019_10_26__23_52_05.json,0,7697,484224,/bin/bash /usr/local/bin/start.sh multibwa.sh /data /data/References/Broad_UMI /data/References/Broad_UMI/Human_RefSeq /data/Aligns 24 20 8,0,0,23,start.sh,31,1,298,2281472,81
628,1572133936,2019_10_26__23_52_16.json,0,7697,484224,/bin/bash /usr/local/bin/start.sh multibwa.sh /data /data/References/Broad_UMI /data/References/Broad_UMI/Human_RefSeq /data/Aligns 24 20 8,0,0,23,start.sh,31,1,298,2281472,81
629,1572133946,2019_10_26__23_52_26.json,0,7697,484224,/bin/bash /usr/local/bin/start.sh multibwa.sh /data /data/References/Broad_UMI /data/References/Broad_UMI/Human_RefSeq /data/Aligns 24 20 8,0,0,23,start.sh,31,1,298,2281472,81
630,1572133956,2019_10_26__23_52_36.json,0,7697,484224,/bin/bash /usr/local/bin/start.sh multibwa.sh /data /data/References/Broad_UMI /data/References/Broad_UMI/Human_RefSeq /data/Aligns 24 20 8,0,0,23,start.sh,31,1,298,2281472,81
631,1572133966,2019_10_26__23_52_46.json,0,7697,484224,/bin/bash /usr/local/bin/start.sh multibwa.sh /data /data/References/Broad_UMI /data/References/Broad_UMI/Human_RefSeq /data/Aligns 24 20 8,0,0,23,start.sh,31,1,298,2281472,81
632,1572133977,2019_10_26__23_52_57.json,0,7697,484224,/bin/bash /usr/local/bin/start.sh multibwa.sh /data /data/References/Broad_UMI /data/References/Broad_UMI/Human_RefSeq /data/Aligns 24 20 8,0,0,23,start.sh,31,1,298,2281472,81
633,1572133987,2019_10_26__23_53_07.json,0,7697,484224,/bin/bash /usr/local/bin/start.sh multibwa.sh /data /data/References/Broad_UMI /data/References/Broad_UMI/Human_RefSeq /data/Aligns 24 20 8,0,0,23,start.sh,31,1,298,2281472,81
634,1572133997,2019_10_26__23_53_17.json,0,7697,484224,/bin/bash /usr/local/bin/start.sh multibwa.sh /data /data/References/Broad_UMI /data/References/Broad_UMI/Human_RefSeq /data/Aligns 24 20 8,0,0,23,start.sh,31,1,298,2281472,81
635,1572134007,2019_10_26__23_53_27.json,0,7697,484224,/bin/bash /usr/local/bin/start.sh multibwa.sh /data /data/References/Broad_UMI /data/References/Broad_UMI/Human_RefSeq /data/Aligns 24 20 8,0,0,23,start.sh,31,1,298,2281472,81
636,1572134015,2019_10_26__23_53_35.json,0,7697,484224,/bin/bash /usr/local/bin/start.sh multibwa.sh /data /data/References/Broad_UMI /data/References/Broad_UMI/Human_RefSeq /data/Aligns 24 20 8,0,0,23,start.sh,31,1,298,2281472,81
637,1572134025,2019_10_26__23_53_45.json,0,7697,484224,/bin/bash /usr/local/bin/start.sh multibwa.sh /data /data/References/Broad_UMI /data/References/Broad_UMI/Human_RefSeq /data/Aligns 24 20 8,0,0,23,start.sh,31,1,298,2281472,81
638,1572134036,2019_10_26__23_53_56.json,0,7697,484224,/bin/bash /usr/local/bin/start.sh multibwa.sh /data /data/References/Broad_UMI /data/References/Broad_UMI/Human_RefSeq /data/Aligns 24 20 8,0,0,23,start.sh,31,1,298,2281472,81
639,1572134046,2019_10_26__23_54_06.json,0,7697,484224,/bin/bash /usr/local/bin/start.sh multibwa.sh /data /data/References/Broad_UMI /data/References/Broad_UMI/Human_RefSeq /data/Aligns 24 20 8,0,0,23,start.sh,31,1,298,2281472,81
640,1572134056,2019_10_26__23_54_16.json,0,7697,484224,/bin/bash /usr/local/bin/start.sh multibwa.sh /data /data/References/Broad_UMI /data/References/Broad_UMI/Human_RefSeq /data/Aligns 24 20 8,0,0,23,start.sh,31,1,298,2281472,81
641,1572134066,2019_10_26__23_54_26.json,0,7697,484224,/bin/bash /usr/local/bin/start.sh multibwa.sh /data /data/References/Broad_UMI /data/References/Broad_UMI/Human_RefSeq /data/Aligns 24 20 8,0,0,23,start.sh,31,1,298,2281472,81
642,1572134076,2019_10_26__23_54_36.json,0,7697,484224,/bin/bash /usr/local/bin/start.sh multibwa.sh /data /data/References/Broad_UMI /data/References/Broad_UMI/Human_RefSeq /data/Aligns 24 20 8,0,0,23,start.sh,31,1,298,2281472,81
643,1572134085,2019_10_26__23_54_45.json,0,7697,484224,/bin/bash /usr/local/bin/start.sh multibwa.sh /data /data/References/Broad_UMI /data/References/Broad_UMI/Human_RefSeq /data/Aligns 24 20 8,0,0,23,start.sh,31,1,298,2281472,81
644,1572134088,2019_10_26__23_54_48.json,0,7697,484224,/bin/bash /usr/local/bin/start.sh multibwa.sh /data /data/References/Broad_UMI /data/References/Broad_UMI/Human_RefSeq /data/Aligns 24 20 8,0,0,23,start.sh,31,1,298,2281472,81
645,1572134098,2019_10_26__23_54_58.json,0,7697,484224,/bin/bash /usr/local/bin/start.sh multibwa.sh /data /data/References/Broad_UMI /data/References/Broad_UMI/Human_RefSeq /data/Aligns 24 20 8,0,0,23,start.sh,31,1,298,2281472,81
646,1572134108,2019_10_26__23_55_08.json,0,7697,484224,/bin/bash /usr/local/bin/start.sh multibwa.sh /data /data/References/Broad_UMI /data/References/Broad_UMI/Human_RefSeq /data/Aligns 24 20 8,0,0,23,start.sh,31,1,298,2281472,81
647,1572134118,2019_10_26__23_55_18.json,0,7697,484224,/bin/bash /usr/local/bin/start.sh multibwa.sh /data /data/References/Broad_UMI /data/References/Broad_UMI/Human_RefSeq /data/Aligns 24 20 8,0,0,23,start.sh,31,1,298,2281472,81
648,1572134128,2019_10_26__23_55_28.json,0,7697,484224,/bin/bash /usr/local/bin/start.sh multibwa.sh /data /data/References/Broad_UMI /data/References/Broad_UMI/Human_RefSeq /data/Aligns 24 20 8,0,0,23,start.sh,31,1,298,2281472,81
649,1572134138,2019_10_26__23_55_38.json,0,7697,484224,/bin/bash /usr/local/bin/start.sh multibwa.sh /data /data/References/Broad_UMI /data/References/Broad_UMI/Human_RefSeq /data/Aligns 24 20 8,0,0,23,start.sh,31,1,298,2281472,81
650,1572134148,2019_10_26__23_55_48.json,0,7697,484224,/bin/bash /usr/local/bin/start.sh multibwa.sh /data /data/References/Broad_UMI /data/References/Broad_UMI/Human_RefSeq /data/Aligns 24 20 8,0,0,23,start.sh,31,1,298,2281472,81
651,1572134157,2019_10_26__23_55_57.json,0,8838,557591,/bin/bash /usr/local/bin/start.sh multibwa.sh /data /data/References/Broad_UMI /data/References/Broad_UMI/Human_RefSeq /data/Aligns 24 20 8,1,0,23,start.sh,37,1,298,2281472,89
652,1572134159,2019_10_26__23_55_59.json,0,8920,557591,/bin/bash /usr/local/bin/start.sh multibwa.sh /data /data/References/Broad_UMI /data/References/Broad_UMI/Human_RefSeq /data/Aligns 24 20 8,1,0,23,start.sh,37,1,298,2281472,91
653,1572134170,2019_10_26__23_56_10.json,0,8920,557591,/bin/bash /usr/local/bin/start.sh multibwa.sh /data /data/References/Broad_UMI /data/References/Broad_UMI/Human_RefSeq /data/Aligns 24 20 8,1,0,23,start.sh,37,1,298,2281472,91
654,1572134180,2019_10_26__23_56_20.json,0,8920,557591,/bin/bash /usr/local/bin/start.sh multibwa.sh /data /data/References/Broad_UMI /data/References/Broad_UMI/Human_RefSeq /data/Aligns 24 20 8,1,0,23,start.sh,37,1,298,2281472,91
655,1572134190,2019_10_26__23_56_30.json,0,8920,557591,/bin/bash /usr/local/bin/start.sh multibwa.sh /data /data/References/Broad_UMI /data/References/Broad_UMI/Human_RefSeq /data/Aligns 24 20 8,1,0,23,start.sh,37,1,298,2281472,91
656,1572134194,2019_10_26__23_56_34.json,0,8920,557591,/bin/bash /usr/local/bin/start.sh multibwa.sh /data /data/References/Broad_UMI /data/References/Broad_UMI/Human_RefSeq /data/Aligns 24 20 8,1,0,23,start.sh,37,1,298,2281472,91
657,1572134205,2019_10_26__23_56_44.json,0,8920,557591,/bin/bash /usr/local/bin/start.sh multibwa.sh /data /data/References/Broad_UMI /data/References/Broad_UMI/Human_RefSeq /data/Aligns 24 20 8,1,0,23,start.sh,37,1,298,2281472,91
658,1572134215,2019_10_26__23_56_55.json,0,8920,557591,/bin/bash /usr/local/bin/start.sh multibwa.sh /data /data/References/Broad_UMI /data/References/Broad_UMI/Human_RefSeq /data/Aligns 24 20 8,1,0,23,start.sh,37,1,298,2281472,91
659,1572134225,2019_10_26__23_57_05.json,0,8920,557591,/bin/bash /usr/local/bin/start.sh multibwa.sh /data /data/References/Broad_UMI /data/References/Broad_UMI/Human_RefSeq /data/Aligns 24 20 8,1,0,23,start.sh,37,1,298,2281472,91
660,1572134230,2019_10_26__23_57_10.json,0,8920,557591,/bin/bash /usr/local/bin/start.sh multibwa.sh /data /data/References/Broad_UMI /data/References/Broad_UMI/Human_RefSeq /data/Aligns 24 20 8,1,0,23,start.sh,37,1,298,2281472,91
661,1572134239,2019_10_26__23_57_19.json,0,8920,557591,/bin/bash /usr/local/bin/start.sh multibwa.sh /data /data/References/Broad_UMI /data/References/Broad_UMI/Human_RefSeq /data/Aligns 24 20 8,1,0,23,start.sh,37,1,298,2281472,91
662,1572134249,2019_10_26__23_57_29.json,0,8920,557591,/bin/bash /usr/local/bin/start.sh multibwa.sh /data /data/References/Broad_UMI /data/References/Broad_UMI/Human_RefSeq /data/Aligns 24 20 8,1,0,23,start.sh,37,1,298,2281472,91
663,1572134260,2019_10_26__23_57_40.json,0,8920,557591,/bin/bash /usr/local/bin/start.sh multibwa.sh /data /data/References/Broad_UMI /data/References/Broad_UMI/Human_RefSeq /data/Aligns 24 20 8,1,0,23,start.sh,37,1,298,2281472,91
664,1572134270,2019_10_26__23_57_50.json,0,8920,557591,/bin/bash /usr/local/bin/start.sh multibwa.sh /data /data/References/Broad_UMI /data/References/Broad_UMI/Human_RefSeq /data/Aligns 24 20 8,1,0,23,start.sh,37,1,298,2281472,91
665,1572134280,2019_10_26__23_58_00.json,0,8920,557591,/bin/bash /usr/local/bin/start.sh multibwa.sh /data /data/References/Broad_UMI /data/References/Broad_UMI/Human_RefSeq /data/Aligns 24 20 8,1,0,23,start.sh,37,1,298,2281472,91
666,1572134290,2019_10_26__23_58_10.json,0,8920,557591,/bin/bash /usr/local/bin/start.sh multibwa.sh /data /data/References/Broad_UMI /data/References/Broad_UMI/Human_RefSeq /data/Aligns 24 20 8,1,0,23,start.sh,37,1,298,2281472,91
667,1572134301,2019_10_26__23_58_21.json,0,8920,557591,/bin/bash /usr/local/bin/start.sh multibwa.sh /data /data/References/Broad_UMI /data/References/Broad_UMI/Human_RefSeq /data/Aligns 24 20 8,1,0,23,start.sh,37,1,298,2281472,91
668,1572134311,2019_10_26__23_58_31.json,0,8920,557591,/bin/bash /usr/local/bin/start.sh multibwa.sh /data /data/References/Broad_UMI /data/References/Broad_UMI/Human_RefSeq /data/Aligns 24 20 8,1,0,23,start.sh,37,1,298,2281472,91
669,1572134321,2019_10_26__23_58_41.json,0,8920,557591,/bin/bash /usr/local/bin/start.sh multibwa.sh /data /data/References/Broad_UMI /data/References/Broad_UMI/Human_RefSeq /data/Aligns 24 20 8,1,0,23,start.sh,37,1,298,2281472,91
670,1572134331,2019_10_26__23_58_51.json,0,8920,557591,/bin/bash /usr/local/bin/start.sh multibwa.sh /data /data/References/Broad_UMI /data/References/Broad_UMI/Human_RefSeq /data/Aligns 24 20 8,1,0,23,start.sh,37,1,298,2281472,91
671,1572134341,2019_10_26__23_59_01.json,0,8920,557591,/bin/bash /usr/local/bin/start.sh multibwa.sh /data /data/References/Broad_UMI /data/References/Broad_UMI/Human_RefSeq /data/Aligns 24 20 8,1,0,23,start.sh,37,1,298,2281472,91
672,1572134352,2019_10_26__23_59_12.json,0,8920,557591,/bin/bash /usr/local/bin/start.sh multibwa.sh /data /data/References/Broad_UMI /data/References/Broad_UMI/Human_RefSeq /data/Aligns 24 20 8,1,0,23,start.sh,37,1,298,2281472,91
673,1572134362,2019_10_26__23_59_22.json,0,8920,557591,/bin/bash /usr/local/bin/start.sh multibwa.sh /data /data/References/Broad_UMI /data/References/Broad_UMI/Human_RefSeq /data/Aligns 24 20 8,1,0,23,start.sh,37,1,298,2281472,91
674,1572134372,2019_10_26__23_59_32.json,0,8920,557591,/bin/bash /usr/local/bin/start.sh multibwa.sh /data /data/References/Broad_UMI /data/References/Broad_UMI/Human_RefSeq /data/Aligns 24 20 8,1,0,23,start.sh,37,1,298,2281472,91
675,1572134383,2019_10_26__23_59_43.json,0,8920,557591,/bin/bash /usr/local/bin/start.sh multibwa.sh /data /data/References/Broad_UMI /data/References/Broad_UMI/Human_RefSeq /data/Aligns 24 20 8,1,0,23,start.sh,37,1,298,2281472,91
676,1572134393,2019_10_26__23_59_53.json,0,8920,557591,/bin/bash /usr/local/bin/start.sh multibwa.sh /data /data/References/Broad_UMI /data/References/Broad_UMI/Human_RefSeq /data/Aligns 24 20 8,1,0,23,start.sh,37,1,298,2281472,91
677,1572134403,2019_10_27__00_00_03.json,0,8920,557591,/bin/bash /usr/local/bin/start.sh multibwa.sh /data /data/References/Broad_UMI /data/References/Broad_UMI/Human_RefSeq /data/Aligns 24 20 8,1,0,23,start.sh,37,1,298,2281472,91
678,1572134413,2019_10_27__00_00_13.json,0,8920,557591,/bin/bash /usr/local/bin/start.sh multibwa.sh /data /data/References/Broad_UMI /data/References/Broad_UMI/Human_RefSeq /data/Aligns 24 20 8,1,0,23,start.sh,37,1,298,2281472,91
679,1572134423,2019_10_27__00_00_23.json,0,8920,557591,/bin/bash /usr/local/bin/start.sh multibwa.sh /data /data/References/Broad_UMI /data/References/Broad_UMI/Human_RefSeq /data/Aligns 24 20 8,1,0,23,start.sh,37,1,298,2281472,91
680,1572134434,2019_10_27__00_00_34.json,0,8920,557591,/bin/bash /usr/local/bin/start.sh multibwa.sh /data /data/References/Broad_UMI /data/References/Broad_UMI/Human_RefSeq /data/Aligns 24 20 8,1,0,23,start.sh,37,1,298,2281472,91
681,1572134444,2019_10_27__00_00_44.json,0,8920,557591,/bin/bash /usr/local/bin/start.sh multibwa.sh /data /data/References/Broad_UMI /data/References/Broad_UMI/Human_RefSeq /data/Aligns 24 20 8,1,0,23,start.sh,37,1,298,2281472,91
682,1572134454,2019_10_27__00_00_54.json,0,8920,557591,/bin/bash /usr/local/bin/start.sh multibwa.sh /data /data/References/Broad_UMI /data/References/Broad_UMI/Human_RefSeq /data/Aligns 24 20 8,1,0,23,start.sh,37,1,298,2281472,91
683,1572134464,2019_10_27__00_01_04.json,0,8920,557591,/bin/bash /usr/local/bin/start.sh multibwa.sh /data /data/References/Broad_UMI /data/References/Broad_UMI/Human_RefSeq /data/Aligns 24 20 8,1,0,23,start.sh,37,1,298,2281472,91
684,1572134474,2019_10_27__00_01_14.json,0,8920,557591,/bin/bash /usr/local/bin/start.sh multibwa.sh /data /data/References/Broad_UMI /data/References/Broad_UMI/Human_RefSeq /data/Aligns 24 20 8,1,0,23,start.sh,37,1,298,2281472,91
685,1572134485,2019_10_27__00_01_25.json,0,8920,557591,/bin/bash /usr/local/bin/start.sh multibwa.sh /data /data/References/Broad_UMI /data/References/Broad_UMI/Human_RefSeq /data/Aligns 24 20 8,1,0,23,start.sh,37,1,298,2281472,91
686,1572134495,2019_10_27__00_01_35.json,0,8920,557591,/bin/bash /usr/local/bin/start.sh multibwa.sh /data /data/References/Broad_UMI /data/References/Broad_UMI/Human_RefSeq /data/Aligns 24 20 8,1,0,23,start.sh,37,1,298,2281472,91
687,1572134503,2019_10_27__00_01_43.json,0,8920,557591,/bin/bash /usr/local/bin/start.sh multibwa.sh /data /data/References/Broad_UMI /data/References/Broad_UMI/Human_RefSeq /data/Aligns 24 20 8,1,0,23,start.sh,37,1,298,2281472,91
688,1572134513,2019_10_27__00_01_53.json,0,8920,557591,/bin/bash /usr/local/bin/start.sh multibwa.sh /data /data/References/Broad_UMI /data/References/Broad_UMI/Human_RefSeq /data/Aligns 24 20 8,1,0,23,start.sh,37,1,298,2281472,91
689,1572134523,2019_10_27__00_02_03.json,0,8920,557591,/bin/bash /usr/local/bin/start.sh multibwa.sh /data /data/References/Broad_UMI /data/References/Broad_UMI/Human_RefSeq /data/Aligns 24 20 8,1,0,23,start.sh,37,1,298,2281472,91
690,1572134533,2019_10_27__00_02_13.json,0,8920,557591,/bin/bash /usr/local/bin/start.sh multibwa.sh /data /data/References/Broad_UMI /data/References/Broad_UMI/Human_RefSeq /data/Aligns 24 20 8,1,0,23,start.sh,37,1,298,2281472,91
691,1572134539,2019_10_27__00_02_19.json,0,8920,557591,/bin/bash /usr/local/bin/start.sh multibwa.sh /data /data/References/Broad_UMI /data/References/Broad_UMI/Human_RefSeq /data/Aligns 24 20 8,1,0,23,start.sh,37,1,298,2281472,91
692,1572134549,2019_10_27__00_02_29.json,0,8920,557591,/bin/bash /usr/local/bin/start.sh multibwa.sh /data /data/References/Broad_UMI /data/References/Broad_UMI/Human_RefSeq /data/Aligns 24 20 8,1,0,23,start.sh,37,1,298,2281472,91
693,1572134560,2019_10_27__00_02_40.json,0,8920,557591,/bin/bash /usr/local/bin/start.sh multibwa.sh /data /data/References/Broad_UMI /data/References/Broad_UMI/Human_RefSeq /data/Aligns 24 20 8,1,0,23,start.sh,37,1,298,2281472,91
694,1572134570,2019_10_27__00_02_50.json,0,8920,557591,/bin/bash /usr/local/bin/start.sh multibwa.sh /data /data/References/Broad_UMI /data/References/Broad_UMI/Human_RefSeq /data/Aligns 24 20 8,1,0,23,start.sh,37,1,298,2281472,91
695,1572134580,2019_10_27__00_03_00.json,0,8920,557591,/bin/bash /usr/local/bin/start.sh multibwa.sh /data /data/References/Broad_UMI /data/References/Broad_UMI/Human_RefSeq /data/Aligns 24 20 8,1,0,23,start.sh,37,1,298,2281472,91
696,1572134590,2019_10_27__00_03_10.json,0,8920,557591,/bin/bash /usr/local/bin/start.sh multibwa.sh /data /data/References/Broad_UMI /data/References/Broad_UMI/Human_RefSeq /data/Aligns 24 20 8,1,0,23,start.sh,37,1,298,2281472,91
697,1572134600,2019_10_27__00_03_20.json,0,8920,557591,/bin/bash /usr/local/bin/start.sh multibwa.sh /data /data/References/Broad_UMI /data/References/Broad_UMI/Human_RefSeq /data/Aligns 24 20 8,1,0,23,start.sh,37,1,298,2281472,91
698,1572134611,2019_10_27__00_03_31.json,0,8920,557591,/bin/bash /usr/local/bin/start.sh multibwa.sh /data /data/References/Broad_UMI /data/References/Broad_UMI/Human_RefSeq /data/Aligns 24 20 8,1,0,23,start.sh,37,1,298,2281472,91
699,1572134620,2019_10_27__00_03_40.json,0,8920,557591,/bin/bash /usr/local/bin/start.sh multibwa.sh /data /data/References/Broad_UMI /data/References/Broad_UMI/Human_RefSeq /data/Aligns 24 20 8,1,0,23,start.sh,37,1,298,2281472,91
700,1572134628,2019_10_27__00_03_48.json,0,8920,557591,/bin/bash /usr/local/bin/start.sh multibwa.sh /data /data/References/Broad_UMI /data/References/Broad_UMI/Human_RefSeq /data/Aligns 24 20 8,1,0,23,start.sh,37,1,298,2281472,91
701,1572134630,2019_10_27__00_03_49.json,0,8920,557591,/bin/bash /usr/local/bin/start.sh multibwa.sh /data /data/References/Broad_UMI /data/References/Broad_UMI/Human_RefSeq /data/Aligns 24 20 8,1,0,23,start.sh,37,1,298,2281472,91
702,1572134638,2019_10_27__00_03_58.json,0,8920,557591,/bin/bash /usr/local/bin/start.sh multibwa.sh /data /data/References/Broad_UMI /data/References/Broad_UMI/Human_RefSeq /data/Aligns 24 20 8,1,0,23,start.sh,37,1,298,2281472,91
703,1572134640,2019_10_27__00_04_00.json,0,8920,557591,/bin/bash /usr/local/bin/start.sh multibwa.sh /data /data/References/Broad_UMI /data/References/Broad_UMI/Human_RefSeq /data/Aligns 24 20 8,1,0,23,start.sh,37,1,298,2281472,91
704,1572134642,2019_10_27__00_04_02.json,0,8920,557591,/bin/bash /usr/local/bin/start.sh multibwa.sh /data /data/References/Broad_UMI /data/References/Broad_UMI/Human_RefSeq /data/Aligns 24 20 8,1,0,23,start.sh,37,1,298,2281472,91
705,1572134650,2019_10_27__00_04_10.json,0,8920,557591,/bin/bash /usr/local/bin/start.sh multibwa.sh /data /data/References/Broad_UMI /data/References/Broad_UMI/Human_RefSeq /data/Aligns 24 20 8,1,0,23,start.sh,37,1,298,2281472,91
706,1572134660,2019_10_27__00_04_20.json,0,8920,557591,/bin/bash /usr/local/bin/start.sh multibwa.sh /data /data/References/Broad_UMI /data/References/Broad_UMI/Human_RefSeq /data/Aligns 24 20 8,1,0,23,start.sh,37,1,298,2281472,91
707,1572134670,2019_10_27__00_04_30.json,0,8920,557591,/bin/bash /usr/local/bin/start.sh multibwa.sh /data /data/References/Broad_UMI /data/References/Broad_UMI/Human_RefSeq /data/Aligns 24 20 8,1,0,23,start.sh,37,1,298,2281472,91
708,1572134681,2019_10_27__00_04_41.json,0,8920,557591,/bin/bash /usr/local/bin/start.sh multibwa.sh /data /data/References/Broad_UMI /data/References/Broad_UMI/Human_RefSeq /data/Aligns 24 20 8,1,0,23,start.sh,37,1,298,2281472,91
709,1572134691,2019_10_27__00_04_51.json,0,8920,557591,/bin/bash /usr/local/bin/start.sh multibwa.sh /data /data/References/Broad_UMI /data/References/Broad_UMI/Human_RefSeq /data/Aligns 24 20 8,1,0,23,start.sh,37,1,298,2281472,91
710,1572134701,2019_10_27__00_05_01.json,0,8920,557591,/bin/bash /usr/local/bin/start.sh multibwa.sh /data /data/References/Broad_UMI /data/References/Broad_UMI/Human_RefSeq /data/Aligns 24 20 8,1,0,23,start.sh,37,1,298,2281472,91
711,1572134712,2019_10_27__00_05_12.json,0,8920,557591,/bin/bash /usr/local/bin/start.sh multibwa.sh /data /data/References/Broad_UMI /data/References/Broad_UMI/Human_RefSeq /data/Aligns 24 20 8,1,0,23,start.sh,37,1,298,2281472,91
712,1572134722,2019_10_27__00_05_22.json,0,8920,557591,/bin/bash /usr/local/bin/start.sh multibwa.sh /data /data/References/Broad_UMI /data/References/Broad_UMI/Human_RefSeq /data/Aligns 24 20 8,1,0,23,start.sh,37,1,298,2281472,91
713,1572134732,2019_10_27__00_05_32.json,0,8920,557591,/bin/bash /usr/local/bin/start.sh multibwa.sh /data /data/References/Broad_UMI /data/References/Broad_UMI/Human_RefSeq /data/Aligns 24 20 8,1,0,23,start.sh,37,1,298,2281472,91
714,1572134742,2019_10_27__00_05_42.json,0,8920,557591,/bin/bash /usr/local/bin/start.sh multibwa.sh /data /data/References/Broad_UMI /data/References/Broad_UMI/Human_RefSeq /data/Aligns 24 20 8,1,0,23,start.sh,37,1,298,2281472,91
715,1572134752,2019_10_27__00_05_52.json,0,8920,557591,/bin/bash /usr/local/bin/start.sh multibwa.sh /data /data/References/Broad_UMI /data/References/Broad_UMI/Human_RefSeq /data/Aligns 24 20 8,1,0,23,start.sh,37,1,298,2281472,91
716,1572134762,2019_10_27__00_06_02.json,0,8920,557591,/bin/bash /usr/local/bin/start.sh multibwa.sh /data /data/References/Broad_UMI /data/References/Broad_UMI/Human_RefSeq /data/Aligns 24 20 8,1,0,23,start.sh,37,1,298,2281472,91
717,1572134773,2019_10_27__00_06_13.json,0,8920,557591,/bin/bash /usr/local/bin/start.sh multibwa.sh /data /data/References/Broad_UMI /data/References/Broad_UMI/Human_RefSeq /data/Aligns 24 20 8,1,0,23,start.sh,37,1,298,2281472,91
718,1572134783,2019_10_27__00_06_23.json,0,8920,557591,/bin/bash /usr/local/bin/start.sh multibwa.sh /data /data/References/Broad_UMI /data/References/Broad_UMI/Human_RefSeq /data/Aligns 24 20 8,1,0,23,start.sh,37,1,298,2281472,91
719,1572134793,2019_10_27__00_06_33.json,0,8920,557591,/bin/bash /usr/local/bin/start.sh multibwa.sh /data /data/References/Broad_UMI /data/References/Broad_UMI/Human_RefSeq /data/Aligns 24 20 8,1,0,23,start.sh,37,1,298,2281472,91
720,1572134803,2019_10_27__00_06_43.json,0,8920,557591,/bin/bash /usr/local/bin/start.sh multibwa.sh /data /data/References/Broad_UMI /data/References/Broad_UMI/Human_RefSeq /data/Aligns 24 20 8,1,0,23,start.sh,37,1,298,2281472,91
721,1572134813,2019_10_27__00_06_53.json,0,8920,557591,/bin/bash /usr/local/bin/start.sh multibwa.sh /data /data/References/Broad_UMI /data/References/Broad_UMI/Human_RefSeq /data/Aligns 24 20 8,1,0,23,start.sh,37,1,298,2281472,91
722,1572134824,2019_10_27__00_07_04.json,0,8920,557591,/bin/bash /usr/local/bin/start.sh multibwa.sh /data /data/References/Broad_UMI /data/References/Broad_UMI/Human_RefSeq /data/Aligns 24 20 8,1,0,23,start.sh,37,1,298,2281472,91
723,1572134834,2019_10_27__00_07_14.json,0,8920,557591,/bin/bash /usr/local/bin/start.sh multibwa.sh /data /data/References/Broad_UMI /data/References/Broad_UMI/Human_RefSeq /data/Aligns 24 20 8,1,0,23,start.sh,37,1,298,2281472,91
724,1572134844,2019_10_27__00_07_24.json,0,8920,557591,/bin/bash /usr/local/bin/start.sh multibwa.sh /data /data/References/Broad_UMI /data/References/Broad_UMI/Human_RefSeq /data/Aligns 24 20 8,1,0,23,start.sh,37,1,298,2281472,91
725,1572134854,2019_10_27__00_07_34.json,0,8920,557591,/bin/bash /usr/local/bin/start.sh multibwa.sh /data /data/References/Broad_UMI /data/References/Broad_UMI/Human_RefSeq /data/Aligns 24 20 8,1,0,23,start.sh,37,1,298,2281472,91
726,1572134865,2019_10_27__00_07_45.json,0,8920,557591,/bin/bash /usr/local/bin/start.sh multibwa.sh /data /data/References/Broad_UMI /data/References/Broad_UMI/Human_RefSeq /data/Aligns 24 20 8,1,0,23,start.sh,37,1,298,2281472,91
727,1572134869,2019_10_27__00_07_49.json,0,8920,557591,/bin/bash /usr/local/bin/start.sh multibwa.sh /data /data/References/Broad_UMI /data/References/Broad_UMI/Human_RefSeq /data/Aligns 24 20 8,1,0,23,start.sh,37,1,298,2281472,91
728,1572134871,2019_10_27__00_07_51.json,0,8920,557591,/bin/bash /usr/local/bin/start.sh multibwa.sh /data /data/References/Broad_UMI /data/References/Broad_UMI/Human_RefSeq /data/Aligns 24 20 8,1,0,23,start.sh,37,1,298,2281472,91
729,1572134881,2019_10_27__00_08_01.json,0,8920,557591,/bin/bash /usr/local/bin/start.sh multibwa.sh /data /data/References/Broad_UMI /data/References/Broad_UMI/Human_RefSeq /data/Aligns 24 20 8,1,0,23,start.sh,37,1,298,2281472,91
730,1572134892,2019_10_27__00_08_12.json,0,8920,557591,/bin/bash /usr/local/bin/start.sh multibwa.sh /data /data/References/Broad_UMI /data/References/Broad_UMI/Human_RefSeq /data/Aligns 24 20 8,1,0,23,start.sh,37,1,298,2281472,91
731,1572134902,2019_10_27__00_08_22.json,0,8920,557591,/bin/bash /usr/local/bin/start.sh multibwa.sh /data /data/References/Broad_UMI /data/References/Broad_UMI/Human_RefSeq /data/Aligns 24 20 8,1,0,23,start.sh,37,1,298,2281472,91
732,1572134912,2019_10_27__00_08_32.json,0,8920,557591,/bin/bash /usr/local/bin/start.sh multibwa.sh /data /data/References/Broad_UMI /data/References/Broad_UMI/Human_RefSeq /data/Aligns 24 20 8,1,0,23,start.sh,37,1,298,2281472,91
733,1572134922,2019_10_27__00_08_42.json,0,8920,557591,/bin/bash /usr/local/bin/start.sh multibwa.sh /data /data/References/Broad_UMI /data/References/Broad_UMI/Human_RefSeq /data/Aligns 24 20 8,1,0,23,start.sh,37,1,298,2281472,91
734,1572134933,2019_10_27__00_08_53.json,0,8920,557591,/bin/bash /usr/local/bin/start.sh multibwa.sh /data /data/References/Broad_UMI /data/References/Broad_UMI/Human_RefSeq /data/Aligns 24 20 8,1,0,23,start.sh,37,1,298,2281472,91
735,1572134943,2019_10_27__00_09_03.json,0,8920,557591,/bin/bash /usr/local/bin/start.sh multibwa.sh /data /data/References/Broad_UMI /data/References/Broad_UMI/Human_RefSeq /data/Aligns 24 20 8,1,0,23,start.sh,37,1,298,2281472,91
736,1572134953,2019_10_27__00_09_13.json,0,8920,557591,/bin/bash /usr/local/bin/start.sh multibwa.sh /data /data/References/Broad_UMI /data/References/Broad_UMI/Human_RefSeq /data/Aligns 24 20 8,1,0,23,start.sh,37,1,298,2281472,91
737,1572134963,2019_10_27__00_09_23.json,0,8920,557591,/bin/bash /usr/local/bin/start.sh multibwa.sh /data /data/References/Broad_UMI /data/References/Broad_UMI/Human_RefSeq /data/Aligns 24 20 8,1,0,23,start.sh,37,1,298,2281472,91
738,1572134973,2019_10_27__00_09_33.json,0,8920,557591,/bin/bash /usr/local/bin/start.sh multibwa.sh /data /data/References/Broad_UMI /data/References/Broad_UMI/Human_RefSeq /data/Aligns 24 20 8,1,0,23,start.sh,37,1,298,2281472,91
739,1572134984,2019_10_27__00_09_44.json,0,8920,557591,/bin/bash /usr/local/bin/start.sh multibwa.sh /data /data/References/Broad_UMI /data/References/Broad_UMI/Human_RefSeq /data/Aligns 24 20 8,1,0,23,start.sh,37,1,298,2281472,91
740,1572134994,2019_10_27__00_09_54.json,0,8920,557591,/bin/bash /usr/local/bin/start.sh multibwa.sh /data /data/References/Broad_UMI /data/References/Broad_UMI/Human_RefSeq /data/Aligns 24 20 8,1,0,23,start.sh,37,1,298,2281472,91
741,1572135004,2019_10_27__00_10_04.json,0,8920,557591,/bin/bash /usr/local/bin/start.sh multibwa.sh /data /data/References/Broad_UMI /data/References/Broad_UMI/Human_RefSeq /data/Aligns 24 20 8,1,0,23,start.sh,37,1,298,2281472,91
742,1572135014,2019_10_27__00_10_14.json,0,8920,557591,/bin/bash /usr/local/bin/start.sh multibwa.sh /data /data/References/Broad_UMI /data/References/Broad_UMI/Human_RefSeq /data/Aligns 24 20 8,1,0,23,start.sh,37,1,298,2281472,91
743,1572135024,2019_10_27__00_10_24.json,0,8920,557591,/bin/bash /usr/local/bin/start.sh multibwa.sh /data /data/References/Broad_UMI /data/References/Broad_UMI/Human_RefSeq /data/Aligns 24 20 8,1,0,23,start.sh,37,1,298,2281472,91
744,1572135034,2019_10_27__00_10_34.json,0,8920,557591,/bin/bash /usr/local/bin/start.sh multibwa.sh /data /data/References/Broad_UMI /data/References/Broad_UMI/Human_RefSeq /data/Aligns 24 20 8,1,0,23,start.sh,37,1,298,2281472,91
745,1572135044,2019_10_27__00_10_44.json,0,8920,557591,/bin/bash /usr/local/bin/start.sh multibwa.sh /data /data/References/Broad_UMI /data/References/Broad_UMI/Human_RefSeq /data/Aligns 24 20 8,1,0,23,start.sh,37,1,298,2281472,91
746,1572135055,2019_10_27__00_10_54.json,0,8920,557591,/bin/bash /usr/local/bin/start.sh multibwa.sh /data /data/References/Broad_UMI /data/References/Broad_UMI/Human_RefSeq /data/Aligns 24 20 8,1,0,23,start.sh,37,1,298,2281472,91
747,1572135065,2019_10_27__00_11_05.json,0,8920,557591,/bin/bash /usr/local/bin/start.sh multibwa.sh /data /data/References/Broad_UMI /data/References/Broad_UMI/Human_RefSeq /data/Aligns 24 20 8,1,0,23,start.sh,37,1,298,2281472,91
748,1572135075,2019_10_27__00_11_15.json,0,8920,557591,/bin/bash /usr/local/bin/start.sh multibwa.sh /data /data/References/Broad_UMI /data/References/Broad_UMI/Human_RefSeq /data/Aligns 24 20 8,1,0,23,start.sh,37,1,298,2281472,91
749,1572135085,2019_10_27__00_11_25.json,0,8920,557591,/bin/bash /usr/local/bin/start.sh multibwa.sh /data /data/References/Broad_UMI /data/References/Broad_UMI/Human_RefSeq /data/Aligns 24 20 8,1,0,23,start.sh,37,1,298,2281472,91
750,1572135095,2019_10_27__00_11_35.json,0,8920,557591,/bin/bash /usr/local/bin/start.sh multibwa.sh /data /data/References/Broad_UMI /data/References/Broad_UMI/Human_RefSeq /data/Aligns 24 20 8,1,0,23,start.sh,37,1,298,2281472,91
751,1572135102,2019_10_27__00_11_42.json,0,10333,648798,/bin/bash /usr/local/bin/start.sh multibwa.sh /data /data/References/Broad_UMI /data/References/Broad_UMI/Human_RefSeq /data/Aligns 24 20 8,1,0,23,start.sh,43,1,298,2281472,100
752,1572135104,2019_10_27__00_11_44.json,0,10333,648798,/bin/bash /usr/local/bin/start.sh multibwa.sh /data /data/References/Broad_UMI /data/References/Broad_UMI/Human_RefSeq /data/Aligns 24 20 8,1,0,23,start.sh,43,1,298,2281472,100
753,1572135106,2019_10_27__00_11_46.json,0,10438,648798,/bin/bash /usr/local/bin/start.sh multibwa.sh /data /data/References/Broad_UMI /data/References/Broad_UMI/Human_RefSeq /data/Aligns 24 20 8,1,0,23,start.sh,44,1,298,2281472,102
754,1572135116,2019_10_27__00_11_56.json,0,10438,648798,/bin/bash /usr/local/bin/start.sh multibwa.sh /data /data/References/Broad_UMI /data/References/Broad_UMI/Human_RefSeq /data/Aligns 24 20 8,1,0,23,start.sh,44,1,298,2281472,102
755,1572135126,2019_10_27__00_12_06.json,0,10438,648798,/bin/bash /usr/local/bin/start.sh multibwa.sh /data /data/References/Broad_UMI /data/References/Broad_UMI/Human_RefSeq /data/Aligns 24 20 8,1,0,23,start.sh,44,1,298,2281472,102
756,1572135136,2019_10_27__00_12_16.json,0,10438,648798,/bin/bash /usr/local/bin/start.sh multibwa.sh /data /data/References/Broad_UMI /data/References/Broad_UMI/Human_RefSeq /data/Aligns 24 20 8,1,0,23,start.sh,44,1,298,2281472,102
757,1572135147,2019_10_27__00_12_26.json,0,10438,648798,/bin/bash /usr/local/bin/start.sh multibwa.sh /data /data/References/Broad_UMI /data/References/Broad_UMI/Human_RefSeq /data/Aligns 24 20 8,1,0,23,start.sh,44,1,298,2281472,102
758,1572135157,2019_10_27__00_12_37.json,0,10438,648798,/bin/bash /usr/local/bin/start.sh multibwa.sh /data /data/References/Broad_UMI /data/References/Broad_UMI/Human_RefSeq /data/Aligns 24 20 8,1,0,23,start.sh,44,1,298,2281472,102
759,1572135167,2019_10_27__00_12_47.json,0,10438,648798,/bin/bash /usr/local/bin/start.sh multibwa.sh /data /data/References/Broad_UMI /data/References/Broad_UMI/Human_RefSeq /data/Aligns 24 20 8,1,0,23,start.sh,44,1,298,2281472,102
760,1572135177,2019_10_27__00_12_57.json,0,10438,648798,/bin/bash /usr/local/bin/start.sh multibwa.sh /data /data/References/Broad_UMI /data/References/Broad_UMI/Human_RefSeq /data/Aligns 24 20 8,1,0,23,start.sh,44,1,298,2281472,102
761,1572135187,2019_10_27__00_13_07.json,0,10438,648798,/bin/bash /usr/local/bin/start.sh multibwa.sh /data /data/References/Broad_UMI /data/References/Broad_UMI/Human_RefSeq /data/Aligns 24 20 8,1,0,23,start.sh,44,1,298,2281472,102
762,1572135197,2019_10_27__00_13_17.json,0,10438,648798,/bin/bash /usr/local/bin/start.sh multibwa.sh /data /data/References/Broad_UMI /data/References/Broad_UMI/Human_RefSeq /data/Aligns 24 20 8,1,0,23,start.sh,44,1,298,2281472,102
763,1572135208,2019_10_27__00_13_27.json,0,10438,648798,/bin/bash /usr/local/bin/start.sh multibwa.sh /data /data/References/Broad_UMI /data/References/Broad_UMI/Human_RefSeq /data/Aligns 24 20 8,1,0,23,start.sh,44,1,298,2281472,102
764,1572135218,2019_10_27__00_13_38.json,0,10438,648798,/bin/bash /usr/local/bin/start.sh multibwa.sh /data /data/References/Broad_UMI /data/References/Broad_UMI/Human_RefSeq /data/Aligns 24 20 8,1,0,23,start.sh,44,1,298,2281472,102
765,1572135228,2019_10_27__00_13_48.json,0,10438,648798,/bin/bash /usr/local/bin/start.sh multibwa.sh /data /data/References/Broad_UMI /data/References/Broad_UMI/Human_RefSeq /data/Aligns 24 20 8,1,0,23,start.sh,44,1,298,2281472,102
766,1572135237,2019_10_27__00_13_57.json,0,10438,648798,/bin/bash /usr/local/bin/start.sh multibwa.sh /data /data/References/Broad_UMI /data/References/Broad_UMI/Human_RefSeq /data/Aligns 24 20 8,1,0,23,start.sh,44,1,298,2281472,102
767,1572135247,2019_10_27__00_14_07.json,0,10438,648798,/bin/bash /usr/local/bin/start.sh multibwa.sh /data /data/References/Broad_UMI /data/References/Broad_UMI/Human_RefSeq /data/Aligns 24 20 8,1,0,23,start.sh,44,1,298,2281472,102
768,1572135250,2019_10_27__00_14_10.json,0,10438,648798,/bin/bash /usr/local/bin/start.sh multibwa.sh /data /data/References/Broad_UMI /data/References/Broad_UMI/Human_RefSeq /data/Aligns 24 20 8,1,0,23,start.sh,44,1,298,2281472,102
769,1572135252,2019_10_27__00_14_12.json,0,10438,648798,/bin/bash /usr/local/bin/start.sh multibwa.sh /data /data/References/Broad_UMI /data/References/Broad_UMI/Human_RefSeq /data/Aligns 24 20 8,1,0,23,start.sh,44,1,298,2281472,102
770,1572135263,2019_10_27__00_14_23.json,0,10438,648798,/bin/bash /usr/local/bin/start.sh multibwa.sh /data /data/References/Broad_UMI /data/References/Broad_UMI/Human_RefSeq /data/Aligns 24 20 8,1,0,23,start.sh,44,1,298,2281472,102
771,1572135265,2019_10_27__00_14_25.json,0,10438,648798,/bin/bash /usr/local/bin/start.sh multibwa.sh /data /data/References/Broad_UMI /data/References/Broad_UMI/Human_RefSeq /data/Aligns 24 20 8,1,0,23,start.sh,44,1,298,2281472,102
772,1572135270,2019_10_27__00_14_30.json,0,10438,648798,/bin/bash /usr/local/bin/start.sh multibwa.sh /data /data/References/Broad_UMI /data/References/Broad_UMI/Human_RefSeq /data/Aligns 24 20 8,1,0,23,start.sh,44,1,298,2281472,102
773,1572135280,2019_10_27__00_14_40.json,0,10438,648798,/bin/bash /usr/local/bin/start.sh multibwa.sh /data /data/References/Broad_UMI /data/References/Broad_UMI/Human_RefSeq /data/Aligns 24 20 8,1,0,23,start.sh,44,1,298,2281472,102
774,1572135290,2019_10_27__00_14_50.json,0,10438,648798,/bin/bash /usr/local/bin/start.sh multibwa.sh /data /data/References/Broad_UMI /data/References/Broad_UMI/Human_RefSeq /data/Aligns 24 20 8,1,0,23,start.sh,44,1,298,2281472,102
775,1572135300,2019_10_27__00_15_00.json,0,10438,648798,/bin/bash /usr/local/bin/start.sh multibwa.sh /data /data/References/Broad_UMI /data/References/Broad_UMI/Human_RefSeq /data/Aligns 24 20 8,1,0,23,start.sh,44,1,298,2281472,102
776,1572135311,2019_10_27__00_15_11.json,0,10438,648798,/bin/bash /usr/local/bin/start.sh multibwa.sh /data /data/References/Broad_UMI /data/References/Broad_UMI/Human_RefSeq /data/Aligns 24 20 8,1,0,23,start.sh,44,1,298,2281472,102
777,1572135321,2019_10_27__00_15_21.json,0,10438,648798,/bin/bash /usr/local/bin/start.sh multibwa.sh /data /data/References/Broad_UMI /data/References/Broad_UMI/Human_RefSeq /data/Aligns 24 20 8,1,0,23,start.sh,44,1,298,2281472,102
778,1572135332,2019_10_27__00_15_31.json,0,10438,648798,/bin/bash /usr/local/bin/start.sh multibwa.sh /data /data/References/Broad_UMI /data/References/Broad_UMI/Human_RefSeq /data/Aligns 24 20 8,1,0,23,start.sh,44,1,298,2281472,102
779,1572135342,2019_10_27__00_15_42.json,0,10438,648798,/bin/bash /usr/local/bin/start.sh multibwa.sh /data /data/References/Broad_UMI /data/References/Broad_UMI/Human_RefSeq /data/Aligns 24 20 8,1,0,23,start.sh,44,1,298,2281472,102
780,1572135352,2019_10_27__00_15_52.json,0,10438,648798,/bin/bash /usr/local/bin/start.sh multibwa.sh /data /data/References/Broad_UMI /data/References/Broad_UMI/Human_RefSeq /data/Aligns 24 20 8,1,0,23,start.sh,44,1,298,2281472,102
781,1572135362,2019_10_27__00_16_02.json,0,10438,648798,/bin/bash /usr/local/bin/start.sh multibwa.sh /data /data/References/Broad_UMI /data/References/Broad_UMI/Human_RefSeq /data/Aligns 24 20 8,1,0,23,start.sh,44,1,298,2281472,102
782,1572135372,2019_10_27__00_16_12.json,0,10438,648798,/bin/bash /usr/local/bin/start.sh multibwa.sh /data /data/References/Broad_UMI /data/References/Broad_UMI/Human_RefSeq /data/Aligns 24 20 8,1,0,23,start.sh,44,1,298,2281472,102
783,1572135382,2019_10_27__00_16_22.json,0,10438,648798,/bin/bash /usr/local/bin/start.sh multibwa.sh /data /data/References/Broad_UMI /data/References/Broad_UMI/Human_RefSeq /data/Aligns 24 20 8,1,0,23,start.sh,44,1,298,2281472,102
784,1572135392,2019_10_27__00_16_32.json,0,10438,648798,/bin/bash /usr/local/bin/start.sh multibwa.sh /data /data/References/Broad_UMI /data/References/Broad_UMI/Human_RefSeq /data/Aligns 24 20 8,1,0,23,start.sh,44,1,298,2281472,102
785,1572135403,2019_10_27__00_16_43.json,0,10438,648798,/bin/bash /usr/local/bin/start.sh multibwa.sh /data /data/References/Broad_UMI /data/References/Broad_UMI/Human_RefSeq /data/Aligns 24 20 8,1,0,23,start.sh,44,1,298,2281472,102
786,1572135413,2019_10_27__00_16_53.json,0,10438,648798,/bin/bash /usr/local/bin/start.sh multibwa.sh /data /data/References/Broad_UMI /data/References/Broad_UMI/Human_RefSeq /data/Aligns 24 20 8,1,0,23,start.sh,44,1,298,2281472,102
787,1572135423,2019_10_27__00_17_03.json,0,10438,648798,/bin/bash /usr/local/bin/start.sh multibwa.sh /data /data/References/Broad_UMI /data/References/Broad_UMI/Human_RefSeq /data/Aligns 24 20 8,1,0,23,start.sh,44,1,298,2281472,102
788,1572135433,2019_10_27__00_17_13.json,0,10438,648798,/bin/bash /usr/local/bin/start.sh multibwa.sh /data /data/References/Broad_UMI /data/References/Broad_UMI/Human_RefSeq /data/Aligns 24 20 8,1,0,23,start.sh,44,1,298,2281472,102
789,1572135444,2019_10_27__00_17_24.json,0,10438,648798,/bin/bash /usr/local/bin/start.sh multibwa.sh /data /data/References/Broad_UMI /data/References/Broad_UMI/Human_RefSeq /data/Aligns 24 20 8,1,0,23,start.sh,44,1,298,2281472,102
790,1572135454,2019_10_27__00_17_34.json,0,10438,648798,/bin/bash /usr/local/bin/start.sh multibwa.sh /data /data/References/Broad_UMI /data/References/Broad_UMI/Human_RefSeq /data/Aligns 24 20 8,1,0,23,start.sh,44,1,298,2281472,102
791,1572135461,2019_10_27__00_17_41.json,0,10438,648798,/bin/bash /usr/local/bin/start.sh multibwa.sh /data /data/References/Broad_UMI /data/References/Broad_UMI/Human_RefSeq /data/Aligns 24 20 8,1,0,23,start.sh,44,1,298,2281472,102
792,1572135463,2019_10_27__00_17_43.json,0,10438,648798,/bin/bash /usr/local/bin/start.sh multibwa.sh /data /data/References/Broad_UMI /data/References/Broad_UMI/Human_RefSeq /data/Aligns 24 20 8,1,0,23,start.sh,44,1,298,2281472,102
793,1572135465,2019_10_27__00_17_45.json,0,10438,648798,/bin/bash /usr/local/bin/start.sh multibwa.sh /data /data/References/Broad_UMI /data/References/Broad_UMI/Human_RefSeq /data/Aligns 24 20 8,1,0,23,start.sh,44,1,298,2281472,102
794,1572135467,2019_10_27__00_17_47.json,0,10438,648798,/bin/bash /usr/local/bin/start.sh multibwa.sh /data /data/References/Broad_UMI /data/References/Broad_UMI/Human_RefSeq /data/Aligns 24 20 8,1,0,23,start.sh,44,1,298,2281472,102
795,1572135477,2019_10_27__00_17_57.json,0,10438,648798,/bin/bash /usr/local/bin/start.sh multibwa.sh /data /data/References/Broad_UMI /data/References/Broad_UMI/Human_RefSeq /data/Aligns 24 20 8,1,0,23,start.sh,44,1,298,2281472,102
796,1572135487,2019_10_27__00_18_07.json,0,10438,648798,/bin/bash /usr/local/bin/start.sh multibwa.sh /data /data/References/Broad_UMI /data/References/Broad_UMI/Human_RefSeq /data/Aligns 24 20 8,1,0,23,start.sh,44,1,298,2281472,102
797,1572135497,2019_10_27__00_18_17.json,0,10438,648798,/bin/bash /usr/local/bin/start.sh multibwa.sh /data /data/References/Broad_UMI /data/References/Broad_UMI/Human_RefSeq /data/Aligns 24 20 8,1,0,23,start.sh,44,1,298,2281472,102
798,1572135507,2019_10_27__00_18_27.json,0,10438,648798,/bin/bash /usr/local/bin/start.sh multibwa.sh /data /data/References/Broad_UMI /data/References/Broad_UMI/Human_RefSeq /data/Aligns 24 20 8,1,0,23,start.sh,44,1,298,2281472,102
799,1572135517,2019_10_27__00_18_37.json,0,10438,648798,/bin/bash /usr/local/bin/start.sh multibwa.sh /data /data/References/Broad_UMI /data/References/Broad_UMI/Human_RefSeq /data/Aligns 24 20 8,1,0,23,start.sh,44,1,298,2281472,102
800,1572135527,2019_10_27__00_18_47.json,0,10438,648798,/bin/bash /usr/local/bin/start.sh multibwa.sh /data /data/References/Broad_UMI /data/References/Broad_UMI/Human_RefSeq /data/Aligns 24 20 8,1,0,23,start.sh,44,1,298,2281472,102
801,1572135537,2019_10_27__00_18_57.json,0,10438,648798,/bin/bash /usr/local/bin/start.sh multibwa.sh /data /data/References/Broad_UMI /data/References/Broad_UMI/Human_RefSeq /data/Aligns 24 20 8,1,0,23,start.sh,44,1,298,2281472,102
802,1572135547,2019_10_27__00_19_07.json,0,10438,648798,/bin/bash /usr/local/bin/start.sh multibwa.sh /data /data/References/Broad_UMI /data/References/Broad_UMI/Human_RefSeq /data/Aligns 24 20 8,1,0,23,start.sh,44,1,298,2281472,102
803,1572135555,2019_10_27__00_19_15.json,0,10438,648798,/bin/bash /usr/local/bin/start.sh multibwa.sh /data /data/References/Broad_UMI /data/References/Broad_UMI/Human_RefSeq /data/Aligns 24 20 8,1,0,23,start.sh,44,1,298,2281472,102
804,1572135558,2019_10_27__00_19_18.json,0,10438,648798,/bin/bash /usr/local/bin/start.sh multibwa.sh /data /data/References/Broad_UMI /data/References/Broad_UMI/Human_RefSeq /data/Aligns 24 20 8,1,0,23,start.sh,44,1,298,2281472,102
805,1572135568,2019_10_27__00_19_28.json,0,10438,648798,/bin/bash /usr/local/bin/start.sh multibwa.sh /data /data/References/Broad_UMI /data/References/Broad_UMI/Human_RefSeq /data/Aligns 24 20 8,1,0,23,start.sh,44,1,298,2281472,102
806,1572135578,2019_10_27__00_19_38.json,0,10438,648798,/bin/bash /usr/local/bin/start.sh multibwa.sh /data /data/References/Broad_UMI /data/References/Broad_UMI/Human_RefSeq /data/Aligns 24 20 8,1,0,23,start.sh,44,1,298,2281472,102
807,1572135587,2019_10_27__00_19_47.json,0,10438,648798,/bin/bash /usr/local/bin/start.sh multibwa.sh /data /data/References/Broad_UMI /data/References/Broad_UMI/Human_RefSeq /data/Aligns 24 20 8,1,0,23,start.sh,44,1,298,2281472,102
808,1572135598,2019_10_27__00_19_58.json,0,10438,648798,/bin/bash /usr/local/bin/start.sh multibwa.sh /data /data/References/Broad_UMI /data/References/Broad_UMI/Human_RefSeq /data/Aligns 24 20 8,1,0,23,start.sh,44,1,298,2281472,102
809,1572135608,2019_10_27__00_20_08.json,0,10438,648798,/bin/bash /usr/local/bin/start.sh multibwa.sh /data /data/References/Broad_UMI /data/References/Broad_UMI/Human_RefSeq /data/Aligns 24 20 8,1,0,23,start.sh,44,1,298,2281472,102
810,1572135618,2019_10_27__00_20_18.json,0,10438,648798,/bin/bash /usr/local/bin/start.sh multibwa.sh /data /data/References/Broad_UMI /data/References/Broad_UMI/Human_RefSeq /data/Aligns 24 20 8,1,0,23,start.sh,44,1,298,2281472,102
811,1572135628,2019_10_27__00_20_28.json,0,10438,648798,/bin/bash /usr/local/bin/start.sh multibwa.sh /data /data/References/Broad_UMI /data/References/Broad_UMI/Human_RefSeq /data/Aligns 24 20 8,1,0,23,start.sh,44,1,298,2281472,102
812,1572135634,2019_10_27__00_20_34.json,0,10438,648798,/bin/bash /usr/local/bin/start.sh multibwa.sh /data /data/References/Broad_UMI /data/References/Broad_UMI/Human_RefSeq /data/Aligns 24 20 8,1,0,23,start.sh,44,1,298,2281472,102
813,1572135636,2019_10_27__00_20_36.json,0,10438,648798,/bin/bash /usr/local/bin/start.sh multibwa.sh /data /data/References/Broad_UMI /data/References/Broad_UMI/Human_RefSeq /data/Aligns 24 20 8,1,0,23,start.sh,44,1,298,2281472,102
814,1572135647,2019_10_27__00_20_47.json,0,10438,648798,/bin/bash /usr/local/bin/start.sh multibwa.sh /data /data/References/Broad_UMI /data/References/Broad_UMI/Human_RefSeq /data/Aligns 24 20 8,1,0,23,start.sh,44,1,298,2281472,102
815,1572135657,2019_10_27__00_20_57.json,0,10438,648798,/bin/bash /usr/local/bin/start.sh multibwa.sh /data /data/References/Broad_UMI /data/References/Broad_UMI/Human_RefSeq /data/Aligns 24 20 8,1,0,23,start.sh,44,1,298,2281472,102
816,1572135667,2019_10_27__00_21_07.json,0,10438,648798,/bin/bash /usr/local/bin/start.sh multibwa.sh /data /data/References/Broad_UMI /data/References/Broad_UMI/Human_RefSeq /data/Aligns 24 20 8,1,0,23,start.sh,44,1,298,2281472,102
817,1572135677,2019_10_27__00_21_17.json,0,10438,648798,/bin/bash /usr/local/bin/start.sh multibwa.sh /data /data/References/Broad_UMI /data/References/Broad_UMI/Human_RefSeq /data/Aligns 24 20 8,1,0,23,start.sh,44,1,298,2281472,102
818,1572135687,2019_10_27__00_21_27.json,0,10438,648798,/bin/bash /usr/local/bin/start.sh multibwa.sh /data /data/References/Broad_UMI /data/References/Broad_UMI/Human_RefSeq /data/Aligns 24 20 8,1,0,23,start.sh,44,1,298,2281472,102
819,1572135697,2019_10_27__00_21_37.json,0,10438,648798,/bin/bash /usr/local/bin/start.sh multibwa.sh /data /data/References/Broad_UMI /data/References/Broad_UMI/Human_RefSeq /data/Aligns 24 20 8,1,0,23,start.sh,44,1,298,2281472,102
820,1572135708,2019_10_27__00_21_48.json,0,10438,648798,/bin/bash /usr/local/bin/start.sh multibwa.sh /data /data/References/Broad_UMI /data/References/Broad_UMI/Human_RefSeq /data/Aligns 24 20 8,1,0,23,start.sh,44,1,298,2281472,102
821,1572135718,2019_10_27__00_21_58.json,0,10438,648798,/bin/bash /usr/local/bin/start.sh multibwa.sh /data /data/References/Broad_UMI /data/References/Broad_UMI/Human_RefSeq /data/Aligns 24 20 8,1,0,23,start.sh,44,1,298,2281472,102
822,1572135728,2019_10_27__00_22_08.json,0,10438,648798,/bin/bash /usr/local/bin/start.sh multibwa.sh /data /data/References/Broad_UMI /data/References/Broad_UMI/Human_RefSeq /data/Aligns 24 20 8,1,0,23,start.sh,44,1,298,2281472,102
823,1572135738,2019_10_27__00_22_18.json,0,10438,648798,/bin/bash /usr/local/bin/start.sh multibwa.sh /data /data/References/Broad_UMI /data/References/Broad_UMI/Human_RefSeq /data/Aligns 24 20 8,1,0,23,start.sh,44,1,298,2281472,102
824,1572135748,2019_10_27__00_22_28.json,0,10438,648798,/bin/bash /usr/local/bin/start.sh multibwa.sh /data /data/References/Broad_UMI /data/References/Broad_UMI/Human_RefSeq /data/Aligns 24 20 8,1,0,23,start.sh,44,1,298,2281472,102
825,1572135758,2019_10_27__00_22_38.json,0,10438,648798,/bin/bash /usr/local/bin/start.sh multibwa.sh /data /data/References/Broad_UMI /data/References/Broad_UMI/Human_RefSeq /data/Aligns 24 20 8,1,0,23,start.sh,44,1,298,2281472,102
826,1572135766,2019_10_27__00_22_46.json,0,10438,648798,/bin/bash /usr/local/bin/start.sh multibwa.sh /data /data/References/Broad_UMI /data/References/Broad_UMI/Human_RefSeq /data/Aligns 24 20 8,1,0,23,start.sh,44,1,298,2281472,102
827,1572135769,2019_10_27__00_22_49.json,0,10438,648798,/bin/bash /usr/local/bin/start.sh multibwa.sh /data /data/References/Broad_UMI /data/References/Broad_UMI/Human_RefSeq /data/Aligns 24 20 8,1,0,23,start.sh,44,1,298,2281472,102
828,1572135771,2019_10_27__00_22_51.json,0,10438,648798,/bin/bash /usr/local/bin/start.sh multibwa.sh /data /data/References/Broad_UMI /data/References/Broad_UMI/Human_RefSeq /data/Aligns 24 20 8,1,0,23,start.sh,44,1,298,2281472,102
829,1572135778,2019_10_27__00_22_58.json,0,10438,648798,/bin/bash /usr/local/bin/start.sh multibwa.sh /data /data/References/Broad_UMI /data/References/Broad_UMI/Human_RefSeq /data/Aligns 24 20 8,1,0,23,start.sh,44,1,298,2281472,102
830,1572135788,2019_10_27__00_23_08.json,0,10438,648798,/bin/bash /usr/local/bin/start.sh multibwa.sh /data /data/References/Broad_UMI /data/References/Broad_UMI/Human_RefSeq /data/Aligns 24 20 8,1,0,23,start.sh,44,1,298,2281472,102
831,1572135798,2019_10_27__00_23_18.json,0,10438,648798,/bin/bash /usr/local/bin/start.sh multibwa.sh /data /data/References/Broad_UMI /data/References/Broad_UMI/Human_RefSeq /data/Aligns 24 20 8,1,0,23,start.sh,44,1,298,2281472,102
832,1572135808,2019_10_27__00_23_28.json,0,10438,648798,/bin/bash /usr/local/bin/start.sh multibwa.sh /data /data/References/Broad_UMI /data/References/Broad_UMI/Human_RefSeq /data/Aligns 24 20 8,1,0,23,start.sh,44,1,298,2281472,102
833,1572135819,2019_10_27__00_23_39.json,0,10438,648798,/bin/bash /usr/local/bin/start.sh multibwa.sh /data /data/References/Broad_UMI /data/References/Broad_UMI/Human_RefSeq /data/Aligns 24 20 8,1,0,23,start.sh,44,1,298,2281472,102
834,1572135829,2019_10_27__00_23_49.json,0,10438,648798,/bin/bash /usr/local/bin/start.sh multibwa.sh /data /data/References/Broad_UMI /data/References/Broad_UMI/Human_RefSeq /data/Aligns 24 20 8,1,0,23,start.sh,44,1,298,2281472,102
835,1572135839,2019_10_27__00_23_59.json,0,10438,648798,/bin/bash /usr/local/bin/start.sh multibwa.sh /data /data/References/Broad_UMI /data/References/Broad_UMI/Human_RefSeq /data/Aligns 24 20 8,1,0,23,start.sh,44,1,298,2281472,102
836,1572135845,2019_10_27__00_24_05.json,0,10438,648798,/bin/bash /usr/local/bin/start.sh multibwa.sh /data /data/References/Broad_UMI /data/References/Broad_UMI/Human_RefSeq /data/Aligns 24 20 8,1,0,23,start.sh,44,1,298,2281472,102
837,1572135855,2019_10_27__00_24_15.json,0,10438,648798,/bin/bash /usr/local/bin/start.sh multibwa.sh /data /data/References/Broad_UMI /data/References/Broad_UMI/Human_RefSeq /data/Aligns 24 20 8,1,0,23,start.sh,44,1,298,2281472,102
838,1572135865,2019_10_27__00_24_25.json,0,10438,648798,/bin/bash /usr/local/bin/start.sh multibwa.sh /data /data/References/Broad_UMI /data/References/Broad_UMI/Human_RefSeq /data/Aligns 24 20 8,1,0,23,start.sh,44,1,298,2281472,102
839,1572135875,2019_10_27__00_24_35.json,0,10438,648798,/bin/bash /usr/local/bin/start.sh multibwa.sh /data /data/References/Broad_UMI /data/References/Broad_UMI/Human_RefSeq /data/Aligns 24 20 8,1,0,23,start.sh,44,1,298,2281472,102
840,1572135885,2019_10_27__00_24_45.json,0,10438,648798,/bin/bash /usr/local/bin/start.sh multibwa.sh /data /data/References/Broad_UMI /data/References/Broad_UMI/Human_RefSeq /data/Aligns 24 20 8,1,0,23,start.sh,44,1,298,2281472,102
841,1572135896,2019_10_27__00_24_56.json,0,10438,648798,/bin/bash /usr/local/bin/start.sh multibwa.sh /data /data/References/Broad_UMI /data/References/Broad_UMI/Human_RefSeq /data/Aligns 24 20 8,1,0,23,start.sh,44,1,298,2281472,102
842,1572135906,2019_10_27__00_25_06.json,0,10438,648798,/bin/bash /usr/local/bin/start.sh multibwa.sh /data /data/References/Broad_UMI /data/References/Broad_UMI/Human_RefSeq /data/Aligns 24 20 8,1,0,23,start.sh,44,1,298,2281472,102
843,1572135916,2019_10_27__00_25_16.json,0,10438,648798,/bin/bash /usr/local/bin/start.sh multibwa.sh /data /data/References/Broad_UMI /data/References/Broad_UMI/Human_RefSeq /data/Aligns 24 20 8,1,0,23,start.sh,44,1,298,2281472,102
844,1572135926,2019_10_27__00_25_26.json,0,10438,648798,/bin/bash /usr/local/bin/start.sh multibwa.sh /data /data/References/Broad_UMI /data/References/Broad_UMI/Human_RefSeq /data/Aligns 24 20 8,1,0,23,start.sh,44,1,298,2281472,102
845,1572135936,2019_10_27__00_25_36.json,0,10438,648798,/bin/bash /usr/local/bin/start.sh multibwa.sh /data /data/References/Broad_UMI /data/References/Broad_UMI/Human_RefSeq /data/Aligns 24 20 8,1,0,23,start.sh,44,1,298,2281472,102
846,1572135946,2019_10_27__00_25_46.json,0,10438,648798,/bin/bash /usr/local/bin/start.sh multibwa.sh /data /data/References/Broad_UMI /data/References/Broad_UMI/Human_RefSeq /data/Aligns 24 20 8,1,0,23,start.sh,44,1,298,2281472,102
847,1572135956,2019_10_27__00_25_56.json,0,10438,648798,/bin/bash /usr/local/bin/start.sh multibwa.sh /data /data/References/Broad_UMI /data/References/Broad_UMI/Human_RefSeq /data/Aligns 24 20 8,1,0,23,start.sh,44,1,298,2281472,102
848,1572135966,2019_10_27__00_26_06.json,0,10438,648798,/bin/bash /usr/local/bin/start.sh multibwa.sh /data /data/References/Broad_UMI /data/References/Broad_UMI/Human_RefSeq /data/Aligns 24 20 8,1,0,23,start.sh,44,1,298,2281472,102
849,1572135976,2019_10_27__00_26_16.json,0,10438,648798,/bin/bash /usr/local/bin/start.sh multibwa.sh /data /data/References/Broad_UMI /data/References/Broad_UMI/Human_RefSeq /data/Aligns 24 20 8,1,0,23,start.sh,44,1,298,2281472,102
850,1572135987,2019_10_27__00_26_27.json,0,10438,648798,/bin/bash /usr/local/bin/start.sh multibwa.sh /data /data/References/Broad_UMI /data/References/Broad_UMI/Human_RefSeq /data/Aligns 24 20 8,1,0,23,start.sh,44,1,298,2281472,102
851,1572135997,2019_10_27__00_26_37.json,0,10438,648798,/bin/bash /usr/local/bin/start.sh multibwa.sh /data /data/References/Broad_UMI /data/References/Broad_UMI/Human_RefSeq /data/Aligns 24 20 8,1,0,23,start.sh,44,1,298,2281472,102
852,1572136007,2019_10_27__00_26_47.json,0,10438,648798,/bin/bash /usr/local/bin/start.sh multibwa.sh /data /data/References/Broad_UMI /data/References/Broad_UMI/Human_RefSeq /data/Aligns 24 20 8,1,0,23,start.sh,44,1,298,2281472,102
853,1572136017,2019_10_27__00_26_57.json,0,10438,648798,/bin/bash /usr/local/bin/start.sh multibwa.sh /data /data/References/Broad_UMI /data/References/Broad_UMI/Human_RefSeq /data/Aligns 24 20 8,1,0,23,start.sh,44,1,298,2281472,102
854,1572136028,2019_10_27__00_27_08.json,0,10438,648798,/bin/bash /usr/local/bin/start.sh multibwa.sh /data /data/References/Broad_UMI /data/References/Broad_UMI/Human_RefSeq /data/Aligns 24 20 8,1,0,23,start.sh,44,1,298,2281472,102
855,1572136038,2019_10_27__00_27_18.json,0,10438,648798,/bin/bash /usr/local/bin/start.sh multibwa.sh /data /data/References/Broad_UMI /data/References/Broad_UMI/Human_RefSeq /data/Aligns 24 20 8,1,0,23,start.sh,44,1,298,2281472,102
856,1572136048,2019_10_27__00_27_28.json,0,10438,648798,/bin/bash /usr/local/bin/start.sh multibwa.sh /data /data/References/Broad_UMI /data/References/Broad_UMI/Human_RefSeq /data/Aligns 24 20 8,1,0,23,start.sh,44,1,298,2281472,102
857,1572136058,2019_10_27__00_27_38.json,0,10438,648798,/bin/bash /usr/local/bin/start.sh multibwa.sh /data /data/References/Broad_UMI /data/References/Broad_UMI/Human_RefSeq /data/Aligns 24 20 8,1,0,23,start.sh,44,1,298,2281472,102
858,1572136069,2019_10_27__00_27_49.json,0,10438,648798,/bin/bash /usr/local/bin/start.sh multibwa.sh /data /data/References/Broad_UMI /data/References/Broad_UMI/Human_RefSeq /data/Aligns 24 20 8,1,0,23,start.sh,44,1,298,2281472,102
859,1572136079,2019_10_27__00_27_59.json,0,10438,648798,/bin/bash /usr/local/bin/start.sh multibwa.sh /data /data/References/Broad_UMI /data/References/Broad_UMI/Human_RefSeq /data/Aligns 24 20 8,1,0,23,start.sh,44,1,298,2281472,102
860,1572136089,2019_10_27__00_28_09.json,0,10438,648798,/bin/bash /usr/local/bin/start.sh multibwa.sh /data /data/References/Broad_UMI /data/References/Broad_UMI/Human_RefSeq /data/Aligns 24 20 8,1,0,23,start.sh,44,1,298,2281472,102
861,1572136100,2019_10_27__00_28_19.json,0,10438,648798,/bin/bash /usr/local/bin/start.sh multibwa.sh /data /data/References/Broad_UMI /data/References/Broad_UMI/Human_RefSeq /data/Aligns 24 20 8,1,0,23,start.sh,44,1,298,2281472,102
862,1572136110,2019_10_27__00_28_30.json,0,10438,648798,/bin/bash /usr/local/bin/start.sh multibwa.sh /data /data/References/Broad_UMI /data/References/Broad_UMI/Human_RefSeq /data/Aligns 24 20 8,1,0,23,start.sh,44,1,298,2281472,102
863,1572136120,2019_10_27__00_28_40.json,0,10438,648798,/bin/bash /usr/local/bin/start.sh multibwa.sh /data /data/References/Broad_UMI /data/References/Broad_UMI/Human_RefSeq /data/Aligns 24 20 8,1,0,23,start.sh,44,1,298,2281472,102
864,1572136130,2019_10_27__00_28_50.json,0,10438,648798,/bin/bash /usr/local/bin/start.sh multibwa.sh /data /data/References/Broad_UMI /data/References/Broad_UMI/Human_RefSeq /data/Aligns 24 20 8,1,0,23,start.sh,44,1,298,2281472,102
865,1572136141,2019_10_27__00_29_00.json,0,10438,648798,/bin/bash /usr/local/bin/start.sh multibwa.sh /data /data/References/Broad_UMI /data/References/Broad_UMI/Human_RefSeq /data/Aligns 24 20 8,1,0,23,start.sh,44,1,298,2281472,102
866,1572136151,2019_10_27__00_29_11.json,0,10438,648798,/bin/bash /usr/local/bin/start.sh multibwa.sh /data /data/References/Broad_UMI /data/References/Broad_UMI/Human_RefSeq /data/Aligns 24 20 8,1,0,23,start.sh,44,1,298,2281472,102
867,1572136161,2019_10_27__00_29_21.json,0,10438,648798,/bin/bash /usr/local/bin/start.sh multibwa.sh /data /data/References/Broad_UMI /data/References/Broad_UMI/Human_RefSeq /data/Aligns 24 20 8,1,0,23,start.sh,44,1,298,2281472,102
868,1572136172,2019_10_27__00_29_32.json,0,10438,648798,/bin/bash /usr/local/bin/start.sh multibwa.sh /data /data/References/Broad_UMI /data/References/Broad_UMI/Human_RefSeq /data/Aligns 24 20 8,1,0,23,start.sh,44,1,298,2281472,102
869,1572136182,2019_10_27__00_29_42.json,0,10438,648798,/bin/bash /usr/local/bin/start.sh multibwa.sh /data /data/References/Broad_UMI /data/References/Broad_UMI/Human_RefSeq /data/Aligns 24 20 8,1,0,23,start.sh,44,1,298,2281472,102
870,1572136192,2019_10_27__00_29_52.json,0,10438,648798,/bin/bash /usr/local/bin/start.sh multibwa.sh /data /data/References/Broad_UMI /data/References/Broad_UMI/Human_RefSeq /data/Aligns 24 20 8,1,0,23,start.sh,44,1,298,2281472,102
871,1572136202,2019_10_27__00_30_02.json,0,10438,648798,/bin/bash /usr/local/bin/start.sh multibwa.sh /data /data/References/Broad_UMI /data/References/Broad_UMI/Human_RefSeq /data/Aligns 24 20 8,1,0,23,start.sh,44,1,298,2281472,102
872,1572136213,2019_10_27__00_30_12.json,0,10438,648798,/bin/bash /usr/local/bin/start.sh multibwa.sh /data /data/References/Broad_UMI /data/References/Broad_UMI/Human_RefSeq /data/Aligns 24 20 8,1,0,23,start.sh,44,1,298,2281472,102
873,1572136217,2019_10_27__00_30_17.json,0,10438,648798,/bin/bash /usr/local/bin/start.sh multibwa.sh /data /data/References/Broad_UMI /data/References/Broad_UMI/Human_RefSeq /data/Aligns 24 20 8,1,0,23,start.sh,44,1,298,2281472,102
874,1572136220,2019_10_27__00_30_20.json,0,12136,757056,/bin/bash /usr/local/bin/start.sh multibwa.sh /data /data/References/Broad_UMI /data/References/Broad_UMI/Human_RefSeq /data/Aligns 24 20 8,1,0,23,start.sh,49,1,298,2281472,114
875,1572136222,2019_10_27__00_30_22.json,0,12136,757056,/bin/bash /usr/local/bin/start.sh multibwa.sh /data /data/References/Broad_UMI /data/References/Broad_UMI/Human_RefSeq /data/Aligns 24 20 8,1,0,23,start.sh,49,1,298,2281472,114
876,1572136224,2019_10_27__00_30_24.json,0,12136,757056,/bin/bash /usr/local/bin/start.sh multibwa.sh /data /data/References/Broad_UMI /data/References/Broad_UMI/Human_RefSeq /data/Aligns 24 20 8,1,0,23,start.sh,49,1,298,2281472,114
877,1572136225,2019_10_27__00_30_25.json,0,12136,757056,/bin/bash /usr/local/bin/start.sh multibwa.sh /data /data/References/Broad_UMI /data/References/Broad_UMI/Human_RefSeq /data/Aligns 24 20 8,1,0,23,start.sh,49,1,298,2281472,114
878,1572136227,2019_10_27__00_30_27.json,0,12136,757056,/bin/bash /usr/local/bin/start.sh multibwa.sh /data /data/References/Broad_UMI /data/References/Broad_UMI/Human_RefSeq /data/Aligns 24 20 8,1,0,23,start.sh,49,1,298,2281472,114
879,1572136229,2019_10_27__00_30_29.json,0,12250,757058,/bin/bash /usr/local/bin/start.sh multibwa.sh /data /data/References/Broad_UMI /data/References/Broad_UMI/Human_RefSeq /data/Aligns 24 20 8,1,0,23,start.sh,50,1,298,2281472,116
880,1572136235,2019_10_27__00_30_35.json,0,12250,757058,/bin/bash /usr/local/bin/start.sh multibwa.sh /data /data/References/Broad_UMI /data/References/Broad_UMI/Human_RefSeq /data/Aligns 24 20 8,1,0,23,start.sh,50,1,298,2281472,116
881,1572136241,2019_10_27__00_30_41.json,0,12250,757058,/bin/bash /usr/local/bin/start.sh multibwa.sh /data /data/References/Broad_UMI /data/References/Broad_UMI/Human_RefSeq /data/Aligns 24 20 8,1,0,23,start.sh,50,1,298,2281472,116
882,1572136251,2019_10_27__00_30_51.json,0,12250,757058,/bin/bash /usr/local/bin/start.sh multibwa.sh /data /data/References/Broad_UMI /data/References/Broad_UMI/Human_RefSeq /data/Aligns 24 20 8,1,0,23,start.sh,50,1,298,2281472,116
883,1572136261,2019_10_27__00_31_01.json,0,12250,757058,/bin/bash /usr/local/bin/start.sh multibwa.sh /data /data/References/Broad_UMI /data/References/Broad_UMI/Human_RefSeq /data/Aligns 24 20 8,1,0,23,start.sh,50,1,298,2281472,116
884,1572136271,2019_10_27__00_31_11.json,0,12250,757058,/bin/bash /usr/local/bin/start.sh multibwa.sh /data /data/References/Broad_UMI /data/References/Broad_UMI/Human_RefSeq /data/Aligns 24 20 8,1,0,23,start.sh,50,1,298,2281472,116
885,1572136282,2019_10_27__00_31_22.json,0,12250,757058,/bin/bash /usr/local/bin/start.sh multibwa.sh /data /data/References/Broad_UMI /data/References/Broad_UMI/Human_RefSeq /data/Aligns 24 20 8,1,0,23,start.sh,50,1,298,2281472,116
886,1572136292,2019_10_27__00_31_32.json,0,12250,757058,/bin/bash /usr/local/bin/start.sh multibwa.sh /data /data/References/Broad_UMI /data/References/Broad_UMI/Human_RefSeq /data/Aligns 24 20 8,1,0,23,start.sh,50,1,298,2281472,116
887,1572136302,2019_10_27__00_31_42.json,0,12250,757058,/bin/bash /usr/local/bin/start.sh multibwa.sh /data /data/References/Broad_UMI /data/References/Broad_UMI/Human_RefSeq /data/Aligns 24 20 8,1,0,23,start.sh,50,1,298,2281472,116
888,1572136312,2019_10_27__00_31_52.json,0,12250,757058,/bin/bash /usr/local/bin/start.sh multibwa.sh /data /data/References/Broad_UMI /data/References/Broad_UMI/Human_RefSeq /data/Aligns 24 20 8,1,0,23,start.sh,50,1,298,2281472,116
889,1572136323,2019_10_27__00_32_03.json,0,12250,757058,/bin/bash /usr/local/bin/start.sh multibwa.sh /data /data/References/Broad_UMI /data/References/Broad_UMI/Human_RefSeq /data/Aligns 24 20 8,1,0,23,start.sh,50,1,298,2281472,116
890,1572136333,2019_10_27__00_32_13.json,0,12250,757058,/bin/bash /usr/local/bin/start.sh multibwa.sh /data /data/References/Broad_UMI /data/References/Broad_UMI/Human_RefSeq /data/Aligns 24 20 8,1,0,23,start.sh,50,1,298,2281472,116
891,1572136343,2019_10_27__00_32_23.json,0,12250,757058,/bin/bash /usr/local/bin/start.sh multibwa.sh /data /data/References/Broad_UMI /data/References/Broad_UMI/Human_RefSeq /data/Aligns 24 20 8,1,0,23,start.sh,50,1,298,2281472,116
892,1572136353,2019_10_27__00_32_33.json,0,12250,757058,/bin/bash /usr/local/bin/start.sh multibwa.sh /data /data/References/Broad_UMI /data/References/Broad_UMI/Human_RefSeq /data/Aligns 24 20 8,1,0,23,start.sh,50,1,298,2281472,116
893,1572136364,2019_10_27__00_32_44.json,0,12250,757058,/bin/bash /usr/local/bin/start.sh multibwa.sh /data /data/References/Broad_UMI /data/References/Broad_UMI/Human_RefSeq /data/Aligns 24 20 8,1,0,23,start.sh,50,1,298,2281472,116
894,1572136374,2019_10_27__00_32_54.json,0,12250,757058,/bin/bash /usr/local/bin/start.sh multibwa.sh /data /data/References/Broad_UMI /data/References/Broad_UMI/Human_RefSeq /data/Aligns 24 20 8,1,0,23,start.sh,50,1,298,2281472,116
895,1572136384,2019_10_27__00_33_04.json,0,12250,757058,/bin/bash /usr/local/bin/start.sh multibwa.sh /data /data/References/Broad_UMI /data/References/Broad_UMI/Human_RefSeq /data/Aligns 24 20 8,1,0,23,start.sh,50,1,298,2281472,116
896,1572136394,2019_10_27__00_33_14.json,0,12250,757058,/bin/bash /usr/local/bin/start.sh multibwa.sh /data /data/References/Broad_UMI /data/References/Broad_UMI/Human_RefSeq /data/Aligns 24 20 8,1,0,23,start.sh,50,1,298,2281472,116
897,1572136405,2019_10_27__00_33_25.json,0,12250,757058,/bin/bash /usr/local/bin/start.sh multibwa.sh /data /data/References/Broad_UMI /data/References/Broad_UMI/Human_RefSeq /data/Aligns 24 20 8,1,0,23,start.sh,50,1,298,2281472,116
898,1572136415,2019_10_27__00_33_35.json,0,12250,757058,/bin/bash /usr/local/bin/start.sh multibwa.sh /data /data/References/Broad_UMI /data/References/Broad_UMI/Human_RefSeq /data/Aligns 24 20 8,1,0,23,start.sh,50,1,298,2281472,116
899,1572136425,2019_10_27__00_33_45.json,0,12250,757058,/bin/bash /usr/local/bin/start.sh multibwa.sh /data /data/References/Broad_UMI /data/References/Broad_UMI/Human_RefSeq /data/Aligns 24 20 8,1,0,23,start.sh,50,1,298,2281472,116
900,1572136435,2019_10_27__00_33_55.json,0,12250,757058,/bin/bash /usr/local/bin/start.sh multibwa.sh /data /data/References/Broad_UMI /data/References/Broad_UMI/Human_RefSeq /data/Aligns 24 20 8,1,0,23,start.sh,50,1,298,2281472,116
901,1572136445,2019_10_27__00_34_05.json,0,12250,757058,/bin/bash /usr/local/bin/start.sh multibwa.sh /data /data/References/Broad_UMI /data/References/Broad_UMI/Human_RefSeq /data/Aligns 24 20 8,1,0,23,start.sh,50,1,298,2281472,116
902,1572136456,2019_10_27__00_34_16.json,0,12250,757058,/bin/bash /usr/local/bin/start.sh multibwa.sh /data /data/References/Broad_UMI /data/References/Broad_UMI/Human_RefSeq /data/Aligns 24 20 8,1,0,23,start.sh,50,1,298,2281472,116
903,1572136466,2019_10_27__00_34_26.json,0,12250,757058,/bin/bash /usr/local/bin/start.sh multibwa.sh /data /data/References/Broad_UMI /data/References/Broad_UMI/Human_RefSeq /data/Aligns 24 20 8,1,0,23,start.sh,50,1,298,2281472,116
904,1572136477,2019_10_27__00_34_37.json,0,12250,757058,/bin/bash /usr/local/bin/start.sh multibwa.sh /data /data/References/Broad_UMI /data/References/Broad_UMI/Human_RefSeq /data/Aligns 24 20 8,1,0,23,start.sh,50,1,298,2281472,116
905,1572136487,2019_10_27__00_34_47.json,0,12250,757058,/bin/bash /usr/local/bin/start.sh multibwa.sh /data /data/References/Broad_UMI /data/References/Broad_UMI/Human_RefSeq /data/Aligns 24 20 8,1,0,23,start.sh,50,1,298,2281472,116
906,1572136497,2019_10_27__00_34_57.json,0,12250,757058,/bin/bash /usr/local/bin/start.sh multibwa.sh /data /data/References/Broad_UMI /data/References/Broad_UMI/Human_RefSeq /data/Aligns 24 20 8,1,0,23,start.sh,50,1,298,2281472,116
907,1572136504,2019_10_27__00_35_04.json,0,12250,757058,/bin/bash /usr/local/bin/start.sh multibwa.sh /data /data/References/Broad_UMI /data/References/Broad_UMI/Human_RefSeq /data/Aligns 24 20 8,1,0,23,start.sh,50,1,298,2281472,116
908,1572136510,2019_10_27__00_35_10.json,0,12250,757058,/bin/bash /usr/local/bin/start.sh multibwa.sh /data /data/References/Broad_UMI /data/References/Broad_UMI/Human_RefSeq /data/Aligns 24 20 8,1,0,23,start.sh,50,1,298,2281472,116
909,1572136520,2019_10_27__00_35_20.json,0,12250,757058,/bin/bash /usr/local/bin/start.sh multibwa.sh /data /data/References/Broad_UMI /data/References/Broad_UMI/Human_RefSeq /data/Aligns 24 20 8,1,0,23,start.sh,50,1,298,2281472,116
910,1572136523,2019_10_27__00_35_23.json,0,12250,757058,/bin/bash /usr/local/bin/start.sh multibwa.sh /data /data/References/Broad_UMI /data/References/Broad_UMI/Human_RefSeq /data/Aligns 24 20 8,1,0,23,start.sh,50,1,298,2281472,116
911,1572136526,2019_10_27__00_35_26.json,0,12250,757058,/bin/bash /usr/local/bin/start.sh multibwa.sh /data /data/References/Broad_UMI /data/References/Broad_UMI/Human_RefSeq /data/Aligns 24 20 8,1,0,23,start.sh,50,1,298,2281472,116
912,1572136531,2019_10_27__00_35_31.json,0,12250,757058,/bin/bash /usr/local/bin/start.sh multibwa.sh /data /data/References/Broad_UMI /data/References/Broad_UMI/Human_RefSeq /data/Aligns 24 20 8,1,0,23,start.sh,50,1,298,2281472,116
913,1572136541,2019_10_27__00_35_41.json,0,12250,757058,/bin/bash /usr/local/bin/start.sh multibwa.sh /data /data/References/Broad_UMI /data/References/Broad_UMI/Human_RefSeq /data/Aligns 24 20 8,1,0,23,start.sh,50,1,298,2281472,116
914,1572136552,2019_10_27__00_35_52.json,0,12250,757058,/bin/bash /usr/local/bin/start.sh multibwa.sh /data /data/References/Broad_UMI /data/References/Broad_UMI/Human_RefSeq /data/Aligns 24 20 8,1,0,23,start.sh,50,1,298,2281472,116
915,1572136562,2019_10_27__00_36_02.json,0,12250,757058,/bin/bash /usr/local/bin/start.sh multibwa.sh /data /data/References/Broad_UMI /data/References/Broad_UMI/Human_RefSeq /data/Aligns 24 20 8,1,0,23,start.sh,50,1,298,2281472,116
916,1572136572,2019_10_27__00_36_12.json,0,12250,757058,/bin/bash /usr/local/bin/start.sh multibwa.sh /data /data/References/Broad_UMI /data/References/Broad_UMI/Human_RefSeq /data/Aligns 24 20 8,1,0,23,start.sh,50,1,298,2281472,116
917,1572136582,2019_10_27__00_36_22.json,0,12250,757058,/bin/bash /usr/local/bin/start.sh multibwa.sh /data /data/References/Broad_UMI /data/References/Broad_UMI/Human_RefSeq /data/Aligns 24 20 8,1,0,23,start.sh,50,1,298,2281472,116
918,1572136592,2019_10_27__00_36_32.json,0,12250,757058,/bin/bash /usr/local/bin/start.sh multibwa.sh /data /data/References/Broad_UMI /data/References/Broad_UMI/Human_RefSeq /data/Aligns 24 20 8,1,0,23,start.sh,50,1,298,2281472,116
919,1572136602,2019_10_27__00_36_42.json,0,12250,757058,/bin/bash /usr/local/bin/start.sh multibwa.sh /data /data/References/Broad_UMI /data/References/Broad_UMI/Human_RefSeq /data/Aligns 24 20 8,1,0,23,start.sh,50,1,298,2281472,116
920,1572136613,2019_10_27__00_36_53.json,0,12250,757058,/bin/bash /usr/local/bin/start.sh multibwa.sh /data /data/References/Broad_UMI /data/References/Broad_UMI/Human_RefSeq /data/Aligns 24 20 8,1,0,23,start.sh,50,1,298,2281472,116
921,1572136623,2019_10_27__00_37_03.json,0,12250,757058,/bin/bash /usr/local/bin/start.sh multibwa.sh /data /data/References/Broad_UMI /data/References/Broad_UMI/Human_RefSeq /data/Aligns 24 20 8,1,0,23,start.sh,50,1,298,2281472,116
922,1572136633,2019_10_27__00_37_13.json,0,12250,757058,/bin/bash /usr/local/bin/start.sh multibwa.sh /data /data/References/Broad_UMI /data/References/Broad_UMI/Human_RefSeq /data/Aligns 24 20 8,1,0,23,start.sh,50,1,298,2281472,116
923,1572136643,2019_10_27__00_37_23.json,0,12250,757058,/bin/bash /usr/local/bin/start.sh multibwa.sh /data /data/References/Broad_UMI /data/References/Broad_UMI/Human_RefSeq /data/Aligns 24 20 8,1,0,23,start.sh,50,1,298,2281472,116
924,1572136653,2019_10_27__00_37_33.json,0,12250,757058,/bin/bash /usr/local/bin/start.sh multibwa.sh /data /data/References/Broad_UMI /data/References/Broad_UMI/Human_RefSeq /data/Aligns 24 20 8,1,0,23,start.sh,50,1,298,2281472,116
925,1572136663,2019_10_27__00_37_43.json,0,12250,757058,/bin/bash /usr/local/bin/start.sh multibwa.sh /data /data/References/Broad_UMI /data/References/Broad_UMI/Human_RefSeq /data/Aligns 24 20 8,1,0,23,start.sh,50,1,298,2281472,116
926,1572136674,2019_10_27__00_37_54.json,0,12250,757058,/bin/bash /usr/local/bin/start.sh multibwa.sh /data /data/References/Broad_UMI /data/References/Broad_UMI/Human_RefSeq /data/Aligns 24 20 8,1,0,23,start.sh,50,1,298,2281472,116
927,1572136684,2019_10_27__00_38_04.json,0,12250,757058,/bin/bash /usr/local/bin/start.sh multibwa.sh /data /data/References/Broad_UMI /data/References/Broad_UMI/Human_RefSeq /data/Aligns 24 20 8,1,0,23,start.sh,50,1,298,2281472,116
928,1572136694,2019_10_27__00_38_14.json,0,12250,757058,/bin/bash /usr/local/bin/start.sh multibwa.sh /data /data/References/Broad_UMI /data/References/Broad_UMI/Human_RefSeq /data/Aligns 24 20 8,1,0,23,start.sh,50,1,298,2281472,116
929,1572136705,2019_10_27__00_38_25.json,0,12250,757058,/bin/bash /usr/local/bin/start.sh multibwa.sh /data /data/References/Broad_UMI /data/References/Broad_UMI/Human_RefSeq /data/Aligns 24 20 8,1,0,23,start.sh,50,1,298,2281472,116
930,1572136715,2019_10_27__00_38_35.json,0,12250,757058,/bin/bash /usr/local/bin/start.sh multibwa.sh /data /data/References/Broad_UMI /data/References/Broad_UMI/Human_RefSeq /data/Aligns 24 20 8,1,0,23,start.sh,50,1,298,2281472,116
931,1572136723,2019_10_27__00_38_43.json,0,12250,757058,/bin/bash /usr/local/bin/start.sh multibwa.sh /data /data/References/Broad_UMI /data/References/Broad_UMI/Human_RefSeq /data/Aligns 24 20 8,1,0,23,start.sh,50,1,298,2281472,116
932,1572136733,2019_10_27__00_38_53.json,0,12250,757058,/bin/bash /usr/local/bin/start.sh multibwa.sh /data /data/References/Broad_UMI /data/References/Broad_UMI/Human_RefSeq /data/Aligns 24 20 8,1,0,23,start.sh,50,1,298,2281472,116
933,1572136743,2019_10_27__00_39_03.json,0,12250,757058,/bin/bash /usr/local/bin/start.sh multibwa.sh /data /data/References/Broad_UMI /data/References/Broad_UMI/Human_RefSeq /data/Aligns 24 20 8,1,0,23,start.sh,50,1,298,2281472,116
934,1572136753,2019_10_27__00_39_13.json,0,12250,757058,/bin/bash /usr/local/bin/start.sh multibwa.sh /data /data/References/Broad_UMI /data/References/Broad_UMI/Human_RefSeq /data/Aligns 24 20 8,1,0,23,start.sh,50,1,298,2281472,116
935,1572136763,2019_10_27__00_39_23.json,0,12250,757058,/bin/bash /usr/local/bin/start.sh multibwa.sh /data /data/References/Broad_UMI /data/References/Broad_UMI/Human_RefSeq /data/Aligns 24 20 8,1,0,23,start.sh,50,1,298,2281472,116
936,1572136774,2019_10_27__00_39_34.json,0,12250,757058,/bin/bash /usr/local/bin/start.sh multibwa.sh /data /data/References/Broad_UMI /data/References/Broad_UMI/Human_RefSeq /data/Aligns 24 20 8,1,0,23,start.sh,50,1,298,2281472,116
937,1572136784,2019_10_27__00_39_44.json,0,12250,757058,/bin/bash /usr/local/bin/start.sh multibwa.sh /data /data/References/Broad_UMI /data/References/Broad_UMI/Human_RefSeq /data/Aligns 24 20 8,1,0,23,start.sh,50,1,298,2281472,116
938,1572136794,2019_10_27__00_39_54.json,0,12250,757058,/bin/bash /usr/local/bin/start.sh multibwa.sh /data /data/References/Broad_UMI /data/References/Broad_UMI/Human_RefSeq /data/Aligns 24 20 8,1,0,23,start.sh,50,1,298,2281472,116
939,1572136805,2019_10_27__00_40_05.json,0,12250,757058,/bin/bash /usr/local/bin/start.sh multibwa.sh /data /data/References/Broad_UMI /data/References/Broad_UMI/Human_RefSeq /data/Aligns 24 20 8,1,0,23,start.sh,50,1,298,2281472,116
940,1572136815,2019_10_27__00_40_15.json,0,12250,757058,/bin/bash /usr/local/bin/start.sh multibwa.sh /data /data/References/Broad_UMI /data/References/Broad_UMI/Human_RefSeq /data/Aligns 24 20 8,1,0,23,start.sh,50,1,298,2281472,116
941,1572136825,2019_10_27__00_40_25.json,0,12250,757058,/bin/bash /usr/local/bin/start.sh multibwa.sh /data /data/References/Broad_UMI /data/References/Broad_UMI/Human_RefSeq /data/Aligns 24 20 8,1,0,23,start.sh,50,1,298,2281472,116
942,1572136835,2019_10_27__00_40_35.json,0,12250,757058,/bin/bash /usr/local/bin/start.sh multibwa.sh /data /data/References/Broad_UMI /data/References/Broad_UMI/Human_RefSeq /data/Aligns 24 20 8,1,0,23,start.sh,50,1,298,2281472,116
943,1572136846,2019_10_27__00_40_46.json,0,12250,757058,/bin/bash /usr/local/bin/start.sh multibwa.sh /data /data/References/Broad_UMI /data/References/Broad_UMI/Human_RefSeq /data/Aligns 24 20 8,1,0,23,start.sh,50,1,298,2281472,116
944,1572136856,2019_10_27__00_40_56.json,0,12250,757058,/bin/bash /usr/local/bin/start.sh multibwa.sh /data /data/References/Broad_UMI /data/References/Broad_UMI/Human_RefSeq /data/Aligns 24 20 8,1,0,23,start.sh,50,1,298,2281472,116
945,1572136866,2019_10_27__00_41_06.json,0,12250,757058,/bin/bash /usr/local/bin/start.sh multibwa.sh /data /data/References/Broad_UMI /data/References/Broad_UMI/Human_RefSeq /data/Aligns 24 20 8,1,0,23,start.sh,50,1,298,2281472,116
946,1572136876,2019_10_27__00_41_16.json,0,12250,757058,/bin/bash /usr/local/bin/start.sh multibwa.sh /data /data/References/Broad_UMI /data/References/Broad_UMI/Human_RefSeq /data/Aligns 24 20 8,1,0,23,start.sh,50,1,298,2281472,116
947,1572136887,2019_10_27__00_41_26.json,0,12250,757058,/bin/bash /usr/local/bin/start.sh multibwa.sh /data /data/References/Broad_UMI /data/References/Broad_UMI/Human_RefSeq /data/Aligns 24 20 8,1,0,23,start.sh,50,1,298,2281472,116
948,1572136897,2019_10_27__00_41_37.json,0,12250,757058,/bin/bash /usr/local/bin/start.sh multibwa.sh /data /data/References/Broad_UMI /data/References/Broad_UMI/Human_RefSeq /data/Aligns 24 20 8,1,0,23,start.sh,50,1,298,2281472,116
949,1572136907,2019_10_27__00_41_47.json,0,12250,757058,/bin/bash /usr/local/bin/start.sh multibwa.sh /data /data/References/Broad_UMI /data/References/Broad_UMI/Human_RefSeq /data/Aligns 24 20 8,1,0,23,start.sh,50,1,298,2281472,116
950,1572136917,2019_10_27__00_41_57.json,0,12250,757058,/bin/bash /usr/local/bin/start.sh multibwa.sh /data /data/References/Broad_UMI /data/References/Broad_UMI/Human_RefSeq /data/Aligns 24 20 8,1,0,23,start.sh,50,1,298,2281472,116
951,1572136927,2019_10_27__00_42_07.json,0,12250,757058,/bin/bash /usr/local/bin/start.sh multibwa.sh /data /data/References/Broad_UMI /data/References/Broad_UMI/Human_RefSeq /data/Aligns 24 20 8,1,0,23,start.sh,50,1,298,2281472,116
952,1572136938,2019_10_27__00_42_18.json,0,12250,757058,/bin/bash /usr/local/bin/start.sh multibwa.sh /data /data/References/Broad_UMI /data/References/Broad_UMI/Human_RefSeq /data/Aligns 24 20 8,1,0,23,start.sh,50,1,298,2281472,116
953,1572136948,2019_10_27__00_42_28.json,0,12250,757058,/bin/bash /usr/local/bin/start.sh multibwa.sh /data /data/References/Broad_UMI /data/References/Broad_UMI/Human_RefSeq /data/Aligns 24 20 8,1,0,23,start.sh,50,1,298,2281472,116
954,1572136958,2019_10_27__00_42_38.json,0,12250,757058,/bin/bash /usr/local/bin/start.sh multibwa.sh /data /data/References/Broad_UMI /data/References/Broad_UMI/Human_RefSeq /data/Aligns 24 20 8,1,0,23,start.sh,50,1,298,2281472,116
955,1572136968,2019_10_27__00_42_48.json,0,12250,757058,/bin/bash /usr/local/bin/start.sh multibwa.sh /data /data/References/Broad_UMI /data/References/Broad_UMI/Human_RefSeq /data/Aligns 24 20 8,1,0,23,start.sh,50,1,298,2281472,116
956,1572136978,2019_10_27__00_42_58.json,0,12250,757058,/bin/bash /usr/local/bin/start.sh multibwa.sh /data /data/References/Broad_UMI /data/References/Broad_UMI/Human_RefSeq /data/Aligns 24 20 8,1,0,23,start.sh,50,1,298,2281472,116
957,1572136988,2019_10_27__00_43_08.json,0,12250,757058,/bin/bash /usr/local/bin/start.sh multibwa.sh /data /data/References/Broad_UMI /data/References/Broad_UMI/Human_RefSeq /data/Aligns 24 20 8,1,0,23,start.sh,50,1,298,2281472,116
958,1572136999,2019_10_27__00_43_19.json,0,12250,757058,/bin/bash /usr/local/bin/start.sh multibwa.sh /data /data/References/Broad_UMI /data/References/Broad_UMI/Human_RefSeq /data/Aligns 24 20 8,1,0,23,start.sh,50,1,298,2281472,116
959,1572137009,2019_10_27__00_43_29.json,0,12250,757058,/bin/bash /usr/local/bin/start.sh multibwa.sh /data /data/References/Broad_UMI /data/References/Broad_UMI/Human_RefSeq /data/Aligns 24 20 8,1,0,23,start.sh,50,1,298,2281472,116
960,1572137019,2019_10_27__00_43_39.json,0,12250,757058,/bin/bash /usr/local/bin/start.sh multibwa.sh /data /data/References/Broad_UMI /data/References/Broad_UMI/Human_RefSeq /data/Aligns 24 20 8,1,0,23,start.sh,50,1,298,2281472,116
961,1572137029,2019_10_27__00_43_49.json,0,12250,757058,/bin/bash /usr/local/bin/start.sh multibwa.sh /data /data/References/Broad_UMI /data/References/Broad_UMI/Human_RefSeq /data/Aligns 24 20 8,1,0,23,start.sh,50,1,298,2281472,116
962,1572137039,2019_10_27__00_43_59.json,0,12250,757058,/bin/bash /usr/local/bin/start.sh multibwa.sh /data /data/References/Broad_UMI /data/References/Broad_UMI/Human_RefSeq /data/Aligns 24 20 8,1,0,23,start.sh,50,1,298,2281472,116
963,1572137049,2019_10_27__00_44_09.json,0,12250,757058,/bin/bash /usr/local/bin/start.sh multibwa.sh /data /data/References/Broad_UMI /data/References/Broad_UMI/Human_RefSeq /data/Aligns 24 20 8,1,0,23,start.sh,50,1,298,2281472,116
964,1572137060,2019_10_27__00_44_19.json,0,12250,757058,/bin/bash /usr/local/bin/start.sh multibwa.sh /data /data/References/Broad_UMI /data/References/Broad_UMI/Human_RefSeq /data/Aligns 24 20 8,1,0,23,start.sh,50,1,298,2281472,116
965,1572137070,2019_10_27__00_44_30.json,0,12250,757058,/bin/bash /usr/local/bin/start.sh multibwa.sh /data /data/References/Broad_UMI /data/References/Broad_UMI/Human_RefSeq /data/Aligns 24 20 8,1,0,23,start.sh,50,1,298,2281472,116
966,1572137080,2019_10_27__00_44_40.json,0,12250,757058,/bin/bash /usr/local/bin/start.sh multibwa.sh /data /data/References/Broad_UMI /data/References/Broad_UMI/Human_RefSeq /data/Aligns 24 20 8,1,0,23,start.sh,50,1,298,2281472,116
967,1572137090,2019_10_27__00_44_50.json,0,12250,757058,/bin/bash /usr/local/bin/start.sh multibwa.sh /data /data/References/Broad_UMI /data/References/Broad_UMI/Human_RefSeq /data/Aligns 24 20 8,1,0,23,start.sh,50,1,298,2281472,116
968,1572137101,2019_10_27__00_45_01.json,0,12250,757058,/bin/bash /usr/local/bin/start.sh multibwa.sh /data /data/References/Broad_UMI /data/References/Broad_UMI/Human_RefSeq /data/Aligns 24 20 8,1,0,23,start.sh,50,1,298,2281472,116
969,1572137111,2019_10_27__00_45_11.json,0,12250,757058,/bin/bash /usr/local/bin/start.sh multibwa.sh /data /data/References/Broad_UMI /data/References/Broad_UMI/Human_RefSeq /data/Aligns 24 20 8,1,0,23,start.sh,50,1,298,2281472,116
970,1572137113,2019_10_27__00_45_13.json,0,12250,757058,/bin/bash /usr/local/bin/start.sh multibwa.sh /data /data/References/Broad_UMI /data/References/Broad_UMI/Human_RefSeq /data/Aligns 24 20 8,1,0,23,start.sh,50,1,298,2281472,116
971,1572137115,2019_10_27__00_45_15.json,0,12250,757058,/bin/bash /usr/local/bin/start.sh multibwa.sh /data /data/References/Broad_UMI /data/References/Broad_UMI/Human_RefSeq /data/Aligns 24 20 8,1,0,23,start.sh,50,1,298,2281472,116
972,1572137116,2019_10_27__00_45_16.json,0,12250,757058,/bin/bash /usr/local/bin/start.sh multibwa.sh /data /data/References/Broad_UMI /data/References/Broad_UMI/Human_RefSeq /data/Aligns 24 20 8,1,0,23,start.sh,50,1,298,2281472,116
973,1572137118,2019_10_27__00_45_18.json,0,12250,757058,/bin/bash /usr/local/bin/start.sh multibwa.sh /data /data/References/Broad_UMI /data/References/Broad_UMI/Human_RefSeq /data/Aligns 24 20 8,1,0,23,start.sh,50,1,298,2281472,116
974,1572137127,2019_10_27__00_45_27.json,0,12250,757058,/bin/bash /usr/local/bin/start.sh multibwa.sh /data /data/References/Broad_UMI /data/References/Broad_UMI/Human_RefSeq /data/Aligns 24 20 8,1,0,23,start.sh,50,1,298,2281472,116
975,1572137129,2019_10_27__00_45_29.json,0,12250,757058,/bin/bash /usr/local/bin/start.sh multibwa.sh /data /data/References/Broad_UMI /data/References/Broad_UMI/Human_RefSeq /data/Aligns 24 20 8,1,0,23,start.sh,50,1,298,2281472,116
976,1572137132,2019_10_27__00_45_32.json,0,12250,757058,/bin/bash /usr/local/bin/start.sh multibwa.sh /data /data/References/Broad_UMI /data/References/Broad_UMI/Human_RefSeq /data/Aligns 24 20 8,1,0,23,start.sh,50,1,298,2281472,116
977,1572137134,2019_10_27__00_45_34.json,0,12250,757058,/bin/bash /usr/local/bin/start.sh multibwa.sh /data /data/References/Broad_UMI /data/References/Broad_UMI/Human_RefSeq /data/Aligns 24 20 8,1,0,23,start.sh,50,1,298,2281472,116
978,1572137144,2019_10_27__00_45_44.json,0,12250,757058,/bin/bash /usr/local/bin/start.sh multibwa.sh /data /data/References/Broad_UMI /data/References/Broad_UMI/Human_RefSeq /data/Aligns 24 20 8,1,0,23,start.sh,50,1,298,2281472,116
979,1572137154,2019_10_27__00_45_54.json,0,12250,757058,/bin/bash /usr/local/bin/start.sh multibwa.sh /data /data/References/Broad_UMI /data/References/Broad_UMI/Human_RefSeq /data/Aligns 24 20 8,1,0,23,start.sh,50,1,298,2281472,116
980,1572137165,2019_10_27__00_46_05.json,0,12250,757058,/bin/bash /usr/local/bin/start.sh multibwa.sh /data /data/References/Broad_UMI /data/References/Broad_UMI/Human_RefSeq /data/Aligns 24 20 8,1,0,23,start.sh,50,1,298,2281472,116
981,1572137175,2019_10_27__00_46_15.json,0,12250,757058,/bin/bash /usr/local/bin/start.sh multibwa.sh /data /data/References/Broad_UMI /data/References/Broad_UMI/Human_RefSeq /data/Aligns 24 20 8,1,0,23,start.sh,50,1,298,2281472,116
982,1572137185,2019_10_27__00_46_25.json,0,12250,757058,/bin/bash /usr/local/bin/start.sh multibwa.sh /data /data/References/Broad_UMI /data/References/Broad_UMI/Human_RefSeq /data/Aligns 24 20 8,1,0,23,start.sh,50,1,298,2281472,116
983,1572137196,2019_10_27__00_46_36.json,0,12250,757058,/bin/bash /usr/local/bin/start.sh multibwa.sh /data /data/References/Broad_UMI /data/References/Broad_UMI/Human_RefSeq /data/Aligns 24 20 8,1,0,23,start.sh,50,1,298,2281472,116
984,1572137206,2019_10_27__00_46_46.json,0,12250,757058,/bin/bash /usr/local/bin/start.sh multibwa.sh /data /data/References/Broad_UMI /data/References/Broad_UMI/Human_RefSeq /data/Aligns 24 20 8,1,0,23,start.sh,50,1,298,2281472,116
985,1572137216,2019_10_27__00_46_56.json,0,12250,757058,/bin/bash /usr/local/bin/start.sh multibwa.sh /data /data/References/Broad_UMI /data/References/Broad_UMI/Human_RefSeq /data/Aligns 24 20 8,1,0,23,start.sh,50,1,298,2281472,116
986,1572137226,2019_10_27__00_47_06.json,0,12250,757058,/bin/bash /usr/local/bin/start.sh multibwa.sh /data /data/References/Broad_UMI /data/References/Broad_UMI/Human_RefSeq /data/Aligns 24 20 8,1,0,23,start.sh,50,1,298,2281472,116
987,1572137236,2019_10_27__00_47_16.json,0,12250,757058,/bin/bash /usr/local/bin/start.sh multibwa.sh /data /data/References/Broad_UMI /data/References/Broad_UMI/Human_RefSeq /data/Aligns 24 20 8,1,0,23,start.sh,50,1,298,2281472,116
988,1572137247,2019_10_27__00_47_27.json,0,12250,757058,/bin/bash /usr/local/bin/start.sh multibwa.sh /data /data/References/Broad_UMI /data/References/Broad_UMI/Human_RefSeq /data/Aligns 24 20 8,1,0,23,start.sh,50,1,298,2281472,116
989,1572137257,2019_10_27__00_47_37.json,0,12250,757058,/bin/bash /usr/local/bin/start.sh multibwa.sh /data /data/References/Broad_UMI /data/References/Broad_UMI/Human_RefSeq /data/Aligns 24 20 8,1,0,23,start.sh,50,1,298,2281472,116
990,1572137267,2019_10_27__00_47_47.json,0,12250,757058,/bin/bash /usr/local/bin/start.sh multibwa.sh /data /data/References/Broad_UMI /data/References/Broad_UMI/Human_RefSeq /data/Aligns 24 20 8,1,0,23,start.sh,50,1,298,2281472,116
991,1572137278,2019_10_27__00_47_58.json,0,12250,757058,/bin/bash /usr/local/bin/start.sh multibwa.sh /data /data/References/Broad_UMI /data/References/Broad_UMI/Human_RefSeq /data/Aligns 24 20 8,1,0,23,start.sh,50,1,298,2281472,116
992,1572137288,2019_10_27__00_48_08.json,0,12250,757058,/bin/bash /usr/local/bin/start.sh multibwa.sh /data /data/References/Broad_UMI /data/References/Broad_UMI/Human_RefSeq /data/Aligns 24 20 8,1,0,23,start.sh,50,1,298,2281472,116
993,1572137298,2019_10_27__00_48_18.json,0,12250,757058,/bin/bash /usr/local/bin/start.sh multibwa.sh /data /data/References/Broad_UMI /data/References/Broad_UMI/Human_RefSeq /data/Aligns 24 20 8,1,0,23,start.sh,50,1,298,2281472,116
994,1572137308,2019_10_27__00_48_28.json,0,12250,757058,/bin/bash /usr/local/bin/start.sh multibwa.sh /data /data/References/Broad_UMI /data/References/Broad_UMI/Human_RefSeq /data/Aligns 24 20 8,1,0,23,start.sh,50,1,298,2281472,116
995,1572137318,2019_10_27__00_48_38.json,0,12250,757058,/bin/bash /usr/local/bin/start.sh multibwa.sh /data /data/References/Broad_UMI /data/References/Broad_UMI/Human_RefSeq /data/Aligns 24 20 8,1,0,23,start.sh,50,1,298,2281472,116
996,1572137328,2019_10_27__00_48_48.json,0,12250,757058,/bin/bash /usr/local/bin/start.sh multibwa.sh /data /data/References/Broad_UMI /data/References/Broad_UMI/Human_RefSeq /data/Aligns 24 20 8,1,0,23,start.sh,50,1,298,2281472,116
997,1572137339,2019_10_27__00_48_59.json,0,12250,757058,/bin/bash /usr/local/bin/start.sh multibwa.sh /data /data/References/Broad_UMI /data/References/Broad_UMI/Human_RefSeq /data/Aligns 24 20 8,1,0,23,start.sh,50,1,298,2281472,116
998,1572137349,2019_10_27__00_49_09.json,0,12250,757058,/bin/bash /usr/local/bin/start.sh multibwa.sh /data /data/References/Broad_UMI /data/References/Broad_UMI/Human_RefSeq /data/Aligns 24 20 8,1,0,23,start.sh,50,1,298,2281472,116
999,1572137351,2019_10_27__00_49_11.json,0,12250,757058,/bin/bash /usr/local/bin/start.sh multibwa.sh /data /data/References/Broad_UMI /data/References/Broad_UMI/Human_RefSeq /data/Aligns 24 20 8,1,0,23,start.sh,50,1,298,2281472,116
1000,1572137354,2019_10_27__00_49_14.json,0,12250,757058,/bin/bash /usr/local/bin/start.sh multibwa.sh /data /data/References/Broad_UMI /data/References/Broad_UMI/Human_RefSeq /data/Aligns 24 20 8,1,0,23,start.sh,50,1,298,2281472,116
1001,1572137365,2019_10_27__00_49_25.json,0,12250,757058,/bin/bash /usr/local/bin/start.sh multibwa.sh /data /data/References/Broad_UMI /data/References/Broad_UMI/Human_RefSeq /data/Aligns 24 20 8,1,0,23,start.sh,50,1,298,2281472,116
1002,1572137374,2019_10_27__00_49_34.json,0,12250,757058,/bin/bash /usr/local/bin/start.sh multibwa.sh /data /data/References/Broad_UMI /data/References/Broad_UMI/Human_RefSeq /data/Aligns 24 20 8,1,0,23,start.sh,50,1,298,2281472,116
1003,1572137378,2019_10_27__00_49_38.json,0,12250,757058,/bin/bash /usr/local/bin/start.sh multibwa.sh /data /data/References/Broad_UMI /data/References/Broad_UMI/Human_RefSeq /data/Aligns 24 20 8,1,0,23,start.sh,50,1,298,2281472,116
1004,1572137379,2019_10_27__00_49_39.json,0,12250,757058,/bin/bash /usr/local/bin/start.sh multibwa.sh /data /data/References/Broad_UMI /data/References/Broad_UMI/Human_RefSeq /data/Aligns 24 20 8,1,0,23,start.sh,50,1,298,2281472,116
1005,1572137382,2019_10_27__00_49_42.json,0,12250,757058,/bin/bash /usr/local/bin/start.sh multibwa.sh /data /data/References/Broad_UMI /data/References/Broad_UMI/Human_RefSeq /data/Aligns 24 20 8,1,0,23,start.sh,50,1,298,2281472,116
1006,1572137383,2019_10_27__00_49_43.json,0,12250,757058,/bin/bash /usr/local/bin/start.sh multibwa.sh /data /data/References/Broad_UMI /data/References/Broad_UMI/Human_RefSeq /data/Aligns 24 20 8,1,0,23,start.sh,50,1,298,2281472,116
1007,1572137385,2019_10_27__00_49_45.json,0,12250,757058,/bin/bash /usr/local/bin/start.sh multibwa.sh /data /data/References/Broad_UMI /data/References/Broad_UMI/Human_RefSeq /data/Aligns 24 20 8,1,0,23,start.sh,50,1,298,2281472,116
1008,1572137387,2019_10_27__00_49_47.json,0,12250,757058,/bin/bash /usr/local/bin/start.sh multibwa.sh /data /data/References/Broad_UMI /data/References/Broad_UMI/Human_RefSeq /data/Aligns 24 20 8,1,0,23,start.sh,50,1,298,2281472,116
1009,1572137389,2019_10_27__00_49_49.json,0,12250,757058,/bin/bash /usr/local/bin/start.sh multibwa.sh /data /data/References/Broad_UMI /data/References/Broad_UMI/Human_RefSeq /data/Aligns 24 20 8,1,0,23,start.sh,50,1,298,2281472,116
1010,1572137390,2019_10_27__00_49_50.json,0,12250,757058,/bin/bash /usr/local/bin/start.sh multibwa.sh /data /data/References/Broad_UMI /data/References/Broad_UMI/Human_RefSeq /data/Aligns 24 20 8,1,0,23,start.sh,50,1,298,2281472,116
1011,1572137392,2019_10_27__00_49_52.json,0,12250,757058,/bin/bash /usr/local/bin/start.sh multibwa.sh /data /data/References/Broad_UMI /data/References/Broad_UMI/Human_RefSeq /data/Aligns 24 20 8,1,0,23,start.sh,50,1,298,2281472,116
1012,1572137394,2019_10_27__00_49_54.json,0,12250,757058,/bin/bash /usr/local/bin/start.sh multibwa.sh /data /data/References/Broad_UMI /data/References/Broad_UMI/Human_RefSeq /data/Aligns 24 20 8,1,0,23,start.sh,50,1,298,2281472,116
1013,1572137395,2019_10_27__00_49_55.json,0,12250,757058,/bin/bash /usr/local/bin/start.sh multibwa.sh /data /data/References/Broad_UMI /data/References/Broad_UMI/Human_RefSeq /data/Aligns 24 20 8,1,0,23,start.sh,50,1,298,2281472,116
1014,1572137397,2019_10_27__00_49_57.json,0,12250,757058,/bin/bash /usr/local/bin/start.sh multibwa.sh /data /data/References/Broad_UMI /data/References/Broad_UMI/Human_RefSeq /data/Aligns 24 20 8,1,0,23,start.sh,50,1,298,2281472,116
1015,1572137400,2019_10_27__00_50_00.json,0,12250,757058,/bin/bash /usr/local/bin/start.sh multibwa.sh /data /data/References/Broad_UMI /data/References/Broad_UMI/Human_RefSeq /data/Aligns 24 20 8,1,0,23,start.sh,50,1,298,2281472,116
1016,1572137402,2019_10_27__00_50_02.json,0,12250,757058,/bin/bash /usr/local/bin/start.sh multibwa.sh /data /data/References/Broad_UMI /data/References/Broad_UMI/Human_RefSeq /data/Aligns 24 20 8,1,0,23,start.sh,50,1,298,2281472,116
1017,1572137404,2019_10_27__00_50_04.json,0,12250,757058,/bin/bash /usr/local/bin/start.sh multibwa.sh /data /data/References/Broad_UMI /data/References/Broad_UMI/Human_RefSeq /data/Aligns 24 20 8,1,0,23,start.sh,50,1,298,2281472,116
1018,1572137405,2019_10_27__00_50_05.json,0,12250,757058,/bin/bash /usr/local/bin/start.sh multibwa.sh /data /data/References/Broad_UMI /data/References/Broad_UMI/Human_RefSeq /data/Aligns 24 20 8,1,0,23,start.sh,50,1,298,2281472,116
1019,1572137407,2019_10_27__00_50_07.json,0,12250,757058,/bin/bash /usr/local/bin/start.sh multibwa.sh /data /data/References/Broad_UMI /data/References/Broad_UMI/Human_RefSeq /data/Aligns 24 20 8,1,0,23,start.sh,50,1,298,2281472,116
1020,1572137409,2019_10_27__00_50_09.json,0,12250,757058,/bin/bash /usr/local/bin/start.sh multibwa.sh /data /data/References/Broad_UMI /data/References/Broad_UMI/Human_RefSeq /data/Aligns 24 20 8,1,0,23,start.sh,50,1,298,2281472,116
1021,1572137411,2019_10_27__00_50_11.json,0,12250,757058,/bin/bash /usr/local/bin/start.sh multibwa.sh /data /data/References/Broad_UMI /data/References/Broad_UMI/Human_RefSeq /data/Aligns 24 20 8,1,0,23,start.sh,50,1,298,2281472,116
1022,1572137413,2019_10_27__00_50_13.json,0,12250,757058,/bin/bash /usr/local/bin/start.sh multibwa.sh /data /data/References/Broad_UMI /data/References/Broad_UMI/Human_RefSeq /data/Aligns 24 20 8,1,0,23,start.sh,50,1,298,2281472,116
1023,1572137416,2019_10_27__00_50_16.json,0,12250,757058,/bin/bash /usr/local/bin/start.sh multibwa.sh /data /data/References/Broad_UMI /data/References/Broad_UMI/Human_RefSeq /data/Aligns 24 20 8,1,0,23,start.sh,50,1,298,2281472,116
1024,1572137419,2019_10_27__00_50_19.json,0,12250,757058,/bin/bash /usr/local/bin/start.sh multibwa.sh /data /data/References/Broad_UMI /data/References/Broad_UMI/Human_RefSeq /data/Aligns 24 20 8,1,0,23,start.sh,50,1,298,2281472,116
1025,1572137421,2019_10_27__00_50_21.json,0,12250,757058,/bin/bash /usr/local/bin/start.sh multibwa.sh /data /data/References/Broad_UMI /data/References/Broad_UMI/Human_RefSeq /data/Aligns 24 20 8,1,0,23,start.sh,50,1,298,2281472,116
1026,1572137423,2019_10_27__00_50_23.json,0,12250,757058,/bin/bash /usr/local/bin/start.sh multibwa.sh /data /data/References/Broad_UMI /data/References/Broad_UMI/Human_RefSeq /data/Aligns 24 20 8,1,0,23,start.sh,50,1,298,2281472,116
1027,1572137425,2019_10_27__00_50_25.json,0,12250,757058,/bin/bash /usr/local/bin/start.sh multibwa.sh /data /data/References/Broad_UMI /data/References/Broad_UMI/Human_RefSeq /data/Aligns 24 20 8,1,0,23,start.sh,50,1,298,2281472,116
1028,1572137428,2019_10_27__00_50_28.json,0,12250,757058,/bin/bash /usr/local/bin/start.sh multibwa.sh /data /data/References/Broad_UMI /data/References/Broad_UMI/Human_RefSeq /data/Aligns 24 20 8,1,0,23,start.sh,50,1,298,2281472,116
1029,1572137430,2019_10_27__00_50_30.json,0,12250,757058,/bin/bash /usr/local/bin/start.sh multibwa.sh /data /data/References/Broad_UMI /data/References/Broad_UMI/Human_RefSeq /data/Aligns 24 20 8,1,0,23,start.sh,50,1,298,2281472,116
1030,1572137432,2019_10_27__00_50_32.json,0,12250,757058,/bin/bash /usr/local/bin/start.sh multibwa.sh /data /data/References/Broad_UMI /data/References/Broad_UMI/Human_RefSeq /data/Aligns 24 20 8,1,0,23,start.sh,50,1,298,2281472,116
1031,1572137433,2019_10_27__00_50_33.json,0,12250,757058,/bin/bash /usr/local/bin/start.sh multibwa.sh /data /data/References/Broad_UMI /data/References/Broad_UMI/Human_RefSeq /data/Aligns 24 20 8,1,0,23,start.sh,50,1,298,2281472,116
1032,1572137436,2019_10_27__00_50_36.json,0,12250,757058,/bin/bash /usr/local/bin/start.sh multibwa.sh /data /data/References/Broad_UMI /data/References/Broad_UMI/Human_RefSeq /data/Aligns 24 20 8,1,0,23,start.sh,50,1,298,2281472,116
1033,1572137438,2019_10_27__00_50_38.json,0,12250,757058,/bin/bash /usr/local/bin/start.sh multibwa.sh /data /data/References/Broad_UMI /data/References/Broad_UMI/Human_RefSeq /data/Aligns 24 20 8,1,0,23,start.sh,50,1,298,2281472,116
1034,1572137439,2019_10_27__00_50_39.json,0,12250,757058,/bin/bash /usr/local/bin/start.sh multibwa.sh /data /data/References/Broad_UMI /data/References/Broad_UMI/Human_RefSeq /data/Aligns 24 20 8,1,0,23,start.sh,50,1,298,2281472,116
1035,1572137442,2019_10_27__00_50_42.json,0,14046,875568,/bin/bash /usr/local/bin/start.sh multibwa.sh /data /data/References/Broad_UMI /data/References/Broad_UMI/Human_RefSeq /data/Aligns 24 20 8,1,0,23,start.sh,54,1,298,2281472,128
1036,1572137444,2019_10_27__00_50_44.json,0,14046,875568,/bin/bash /usr/local/bin/start.sh multibwa.sh /data /data/References/Broad_UMI /data/References/Broad_UMI/Human_RefSeq /data/Aligns 24 20 8,1,0,23,start.sh,54,1,298,2281472,128
1037,1572137446,2019_10_27__00_50_46.json,0,14046,875568,/bin/bash /usr/local/bin/start.sh multibwa.sh /data /data/References/Broad_UMI /data/References/Broad_UMI/Human_RefSeq /data/Aligns 24 20 8,1,0,23,start.sh,54,1,298,2281472,128
1038,1572137448,2019_10_27__00_50_48.json,0,14046,875568,/bin/bash /usr/local/bin/start.sh multibwa.sh /data /data/References/Broad_UMI /data/References/Broad_UMI/Human_RefSeq /data/Aligns 24 20 8,1,0,23,start.sh,54,1,298,2281472,128
1039,1572137450,2019_10_27__00_50_50.json,0,14046,875568,/bin/bash /usr/local/bin/start.sh multibwa.sh /data /data/References/Broad_UMI /data/References/Broad_UMI/Human_RefSeq /data/Aligns 24 20 8,1,0,23,start.sh,54,1,298,2281472,128
1040,1572137451,2019_10_27__00_50_51.json,0,14139,875569,/bin/bash /usr/local/bin/start.sh multibwa.sh /data /data/References/Broad_UMI /data/References/Broad_UMI/Human_RefSeq /data/Aligns 24 20 8,1,0,23,start.sh,54,1,298,2281472,130
1041,1572137453,2019_10_27__00_50_53.json,0,14139,875569,/bin/bash /usr/local/bin/start.sh multibwa.sh /data /data/References/Broad_UMI /data/References/Broad_UMI/Human_RefSeq /data/Aligns 24 20 8,1,0,23,start.sh,54,1,298,2281472,130
1042,1572137456,2019_10_27__00_50_56.json,0,14139,875569,/bin/bash /usr/local/bin/start.sh multibwa.sh /data /data/References/Broad_UMI /data/References/Broad_UMI/Human_RefSeq /data/Aligns 24 20 8,1,0,23,start.sh,54,1,298,2281472,130
1043,1572137458,2019_10_27__00_50_58.json,0,14139,875569,/bin/bash /usr/local/bin/start.sh multibwa.sh /data /data/References/Broad_UMI /data/References/Broad_UMI/Human_RefSeq /data/Aligns 24 20 8,1,0,23,start.sh,54,1,298,2281472,130
1044,1572137459,2019_10_27__00_50_59.json,0,14139,875569,/bin/bash /usr/local/bin/start.sh multibwa.sh /data /data/References/Broad_UMI /data/References/Broad_UMI/Human_RefSeq /data/Aligns 24 20 8,1,0,23,start.sh,54,1,298,2281472,130
1045,1572137461,2019_10_27__00_51_01.json,0,14139,875569,/bin/bash /usr/local/bin/start.sh multibwa.sh /data /data/References/Broad_UMI /data/References/Broad_UMI/Human_RefSeq /data/Aligns 24 20 8,1,0,23,start.sh,54,1,298,2281472,130
1046,1572137463,2019_10_27__00_51_03.json,0,14139,875569,/bin/bash /usr/local/bin/start.sh multibwa.sh /data /data/References/Broad_UMI /data/References/Broad_UMI/Human_RefSeq /data/Aligns 24 20 8,1,0,23,start.sh,54,1,298,2281472,130
1047,1572137465,2019_10_27__00_51_05.json,0,14139,875569,/bin/bash /usr/local/bin/start.sh multibwa.sh /data /data/References/Broad_UMI /data/References/Broad_UMI/Human_RefSeq /data/Aligns 24 20 8,1,0,23,start.sh,54,1,298,2281472,130
1048,1572137468,2019_10_27__00_51_08.json,0,14139,875569,/bin/bash /usr/local/bin/start.sh multibwa.sh /data /data/References/Broad_UMI /data/References/Broad_UMI/Human_RefSeq /data/Aligns 24 20 8,1,0,23,start.sh,54,1,298,2281472,130
1049,1572137470,2019_10_27__00_51_10.json,0,14139,875569,/bin/bash /usr/local/bin/start.sh multibwa.sh /data /data/References/Broad_UMI /data/References/Broad_UMI/Human_RefSeq /data/Aligns 24 20 8,1,0,23,start.sh,54,1,298,2281472,130
1050,1572137472,2019_10_27__00_51_12.json,0,14139,875569,/bin/bash /usr/local/bin/start.sh multibwa.sh /data /data/References/Broad_UMI /data/References/Broad_UMI/Human_RefSeq /data/Aligns 24 20 8,1,0,23,start.sh,54,1,298,2281472,130
1051,1572137473,2019_10_27__00_51_13.json,0,14139,875569,/bin/bash /usr/local/bin/start.sh multibwa.sh /data /data/References/Broad_UMI /data/References/Broad_UMI/Human_RefSeq /data/Aligns 24 20 8,1,0,23,start.sh,54,1,298,2281472,130
1052,1572137476,2019_10_27__00_51_16.json,0,14139,875569,/bin/bash /usr/local/bin/start.sh multibwa.sh /data /data/References/Broad_UMI /data/References/Broad_UMI/Human_RefSeq /data/Aligns 24 20 8,1,0,23,start.sh,54,1,298,2281472,130
1053,1572137478,2019_10_27__00_51_17.json,0,14139,875569,/bin/bash /usr/local/bin/start.sh multibwa.sh /data /data/References/Broad_UMI /data/References/Broad_UMI/Human_RefSeq /data/Aligns 24 20 8,1,0,23,start.sh,54,1,298,2281472,130
1054,1572137479,2019_10_27__00_51_19.json,0,14139,875569,/bin/bash /usr/local/bin/start.sh multibwa.sh /data /data/References/Broad_UMI /data/References/Broad_UMI/Human_RefSeq /data/Aligns 24 20 8,1,0,23,start.sh,54,1,298,2281472,130
1055,1572137481,2019_10_27__00_51_21.json,0,14139,875569,/bin/bash /usr/local/bin/start.sh multibwa.sh /data /data/References/Broad_UMI /data/References/Broad_UMI/Human_RefSeq /data/Aligns 24 20 8,1,0,23,start.sh,54,1,298,2281472,130
1056,1572137482,2019_10_27__00_51_22.json,0,14139,875569,/bin/bash /usr/local/bin/start.sh multibwa.sh /data /data/References/Broad_UMI /data/References/Broad_UMI/Human_RefSeq /data/Aligns 24 20 8,1,0,23,start.sh,54,1,298,2281472,130
1057,1572137484,2019_10_27__00_51_24.json,0,14139,875569,/bin/bash /usr/local/bin/start.sh multibwa.sh /data /data/References/Broad_UMI /data/References/Broad_UMI/Human_RefSeq /data/Aligns 24 20 8,1,0,23,start.sh,54,1,298,2281472,130
1058,1572137486,2019_10_27__00_51_26.json,0,14139,875569,/bin/bash /usr/local/bin/start.sh multibwa.sh /data /data/References/Broad_UMI /data/References/Broad_UMI/Human_RefSeq /data/Aligns 24 20 8,1,0,23,start.sh,54,1,298,2281472,130
1059,1572137496,2019_10_27__00_51_36.json,0,14139,875569,/bin/bash /usr/local/bin/start.sh multibwa.sh /data /data/References/Broad_UMI /data/References/Broad_UMI/Human_RefSeq /data/Aligns 24 20 8,1,0,23,start.sh,54,1,298,2281472,130
1060,1572137506,2019_10_27__00_51_46.json,0,14139,875569,/bin/bash /usr/local/bin/start.sh multibwa.sh /data /data/References/Broad_UMI /data/References/Broad_UMI/Human_RefSeq /data/Aligns 24 20 8,1,0,23,start.sh,54,1,298,2281472,130
1061,1572137516,2019_10_27__00_51_56.json,0,14139,875569,/bin/bash /usr/local/bin/start.sh multibwa.sh /data /data/References/Broad_UMI /data/References/Broad_UMI/Human_RefSeq /data/Aligns 24 20 8,1,0,23,start.sh,54,1,298,2281472,130
1062,1572137527,2019_10_27__00_52_07.json,0,14139,875569,/bin/bash /usr/local/bin/start.sh multibwa.sh /data /data/References/Broad_UMI /data/References/Broad_UMI/Human_RefSeq /data/Aligns 24 20 8,1,0,23,start.sh,54,1,298,2281472,130
1063,1572137537,2019_10_27__00_52_17.json,0,14139,875569,/bin/bash /usr/local/bin/start.sh multibwa.sh /data /data/References/Broad_UMI /data/References/Broad_UMI/Human_RefSeq /data/Aligns 24 20 8,1,0,23,start.sh,54,1,298,2281472,130
1064,1572137547,2019_10_27__00_52_27.json,0,14139,875569,/bin/bash /usr/local/bin/start.sh multibwa.sh /data /data/References/Broad_UMI /data/References/Broad_UMI/Human_RefSeq /data/Aligns 24 20 8,1,0,23,start.sh,54,1,298,2281472,130
1065,1572137557,2019_10_27__00_52_37.json,0,14139,875569,/bin/bash /usr/local/bin/start.sh multibwa.sh /data /data/References/Broad_UMI /data/References/Broad_UMI/Human_RefSeq /data/Aligns 24 20 8,1,0,23,start.sh,54,1,298,2281472,130
1066,1572137567,2019_10_27__00_52_47.json,0,14139,875569,/bin/bash /usr/local/bin/start.sh multibwa.sh /data /data/References/Broad_UMI /data/References/Broad_UMI/Human_RefSeq /data/Aligns 24 20 8,1,0,23,start.sh,54,1,298,2281472,130
1067,1572137578,2019_10_27__00_52_58.json,0,14139,875569,/bin/bash /usr/local/bin/start.sh multibwa.sh /data /data/References/Broad_UMI /data/References/Broad_UMI/Human_RefSeq /data/Aligns 24 20 8,1,0,23,start.sh,54,1,298,2281472,130
1068,1572137588,2019_10_27__00_53_08.json,0,14139,875569,/bin/bash /usr/local/bin/start.sh multibwa.sh /data /data/References/Broad_UMI /data/References/Broad_UMI/Human_RefSeq /data/Aligns 24 20 8,1,0,23,start.sh,54,1,298,2281472,130
1069,1572137598,2019_10_27__00_53_18.json,0,14139,875569,/bin/bash /usr/local/bin/start.sh multibwa.sh /data /data/References/Broad_UMI /data/References/Broad_UMI/Human_RefSeq /data/Aligns 24 20 8,1,0,23,start.sh,54,1,298,2281472,130
1070,1572137608,2019_10_27__00_53_28.json,0,14139,875569,/bin/bash /usr/local/bin/start.sh multibwa.sh /data /data/References/Broad_UMI /data/References/Broad_UMI/Human_RefSeq /data/Aligns 24 20 8,1,0,23,start.sh,54,1,298,2281472,130
1071,1572137618,2019_10_27__00_53_38.json,0,14139,875569,/bin/bash /usr/local/bin/start.sh multibwa.sh /data /data/References/Broad_UMI /data/References/Broad_UMI/Human_RefSeq /data/Aligns 24 20 8,1,0,23,start.sh,54,1,298,2281472,130
1072,1572137628,2019_10_27__00_53_48.json,0,14139,875569,/bin/bash /usr/local/bin/start.sh multibwa.sh /data /data/References/Broad_UMI /data/References/Broad_UMI/Human_RefSeq /data/Aligns 24 20 8,1,0,23,start.sh,54,1,298,2281472,130
1073,1572137638,2019_10_27__00_53_58.json,0,14139,875569,/bin/bash /usr/local/bin/start.sh multibwa.sh /data /data/References/Broad_UMI /data/References/Broad_UMI/Human_RefSeq /data/Aligns 24 20 8,1,0,23,start.sh,54,1,298,2281472,130
1074,1572137649,2019_10_27__00_54_09.json,0,14139,875569,/bin/bash /usr/local/bin/start.sh multibwa.sh /data /data/References/Broad_UMI /data/References/Broad_UMI/Human_RefSeq /data/Aligns 24 20 8,1,0,23,start.sh,54,1,298,2281472,130
1075,1572137659,2019_10_27__00_54_19.json,0,14139,875569,/bin/bash /usr/local/bin/start.sh multibwa.sh /data /data/References/Broad_UMI /data/References/Broad_UMI/Human_RefSeq /data/Aligns 24 20 8,1,0,23,start.sh,54,1,298,2281472,130
1076,1572137669,2019_10_27__00_54_29.json,0,14139,875569,/bin/bash /usr/local/bin/start.sh multibwa.sh /data /data/References/Broad_UMI /data/References/Broad_UMI/Human_RefSeq /data/Aligns 24 20 8,1,0,23,start.sh,54,1,298,2281472,130
1077,1572137679,2019_10_27__00_54_39.json,0,14139,875569,/bin/bash /usr/local/bin/start.sh multibwa.sh /data /data/References/Broad_UMI /data/References/Broad_UMI/Human_RefSeq /data/Aligns 24 20 8,1,0,23,start.sh,54,1,298,2281472,130
1078,1572137690,2019_10_27__00_54_50.json,0,14139,875569,/bin/bash /usr/local/bin/start.sh multibwa.sh /data /data/References/Broad_UMI /data/References/Broad_UMI/Human_RefSeq /data/Aligns 24 20 8,1,0,23,start.sh,54,1,298,2281472,130
1079,1572137700,2019_10_27__00_55_00.json,0,14139,875569,/bin/bash /usr/local/bin/start.sh multibwa.sh /data /data/References/Broad_UMI /data/References/Broad_UMI/Human_RefSeq /data/Aligns 24 20 8,1,0,23,start.sh,54,1,298,2281472,130
1080,1572137710,2019_10_27__00_55_10.json,0,14139,875569,/bin/bash /usr/local/bin/start.sh multibwa.sh /data /data/References/Broad_UMI /data/References/Broad_UMI/Human_RefSeq /data/Aligns 24 20 8,1,0,23,start.sh,54,1,298,2281472,130
1081,1572137721,2019_10_27__00_55_21.json,0,14139,875569,/bin/bash /usr/local/bin/start.sh multibwa.sh /data /data/References/Broad_UMI /data/References/Broad_UMI/Human_RefSeq /data/Aligns 24 20 8,1,0,23,start.sh,54,1,298,2281472,130
1082,1572137731,2019_10_27__00_55_31.json,0,14139,875569,/bin/bash /usr/local/bin/start.sh multibwa.sh /data /data/References/Broad_UMI /data/References/Broad_UMI/Human_RefSeq /data/Aligns 24 20 8,1,0,23,start.sh,54,1,298,2281472,130
1083,1572137741,2019_10_27__00_55_41.json,0,14139,875569,/bin/bash /usr/local/bin/start.sh multibwa.sh /data /data/References/Broad_UMI /data/References/Broad_UMI/Human_RefSeq /data/Aligns 24 20 8,1,0,23,start.sh,54,1,298,2281472,130
1084,1572137751,2019_10_27__00_55_51.json,0,14139,875569,/bin/bash /usr/local/bin/start.sh multibwa.sh /data /data/References/Broad_UMI /data/References/Broad_UMI/Human_RefSeq /data/Aligns 24 20 8,1,0,23,start.sh,54,1,298,2281472,130
1085,1572137761,2019_10_27__00_56_01.json,0,14139,875569,/bin/bash /usr/local/bin/start.sh multibwa.sh /data /data/References/Broad_UMI /data/References/Broad_UMI/Human_RefSeq /data/Aligns 24 20 8,1,0,23,start.sh,54,1,298,2281472,130
1086,1572137772,2019_10_27__00_56_12.json,0,14139,875569,/bin/bash /usr/local/bin/start.sh multibwa.sh /data /data/References/Broad_UMI /data/References/Broad_UMI/Human_RefSeq /data/Aligns 24 20 8,1,0,23,start.sh,54,1,298,2281472,130
1087,1572137782,2019_10_27__00_56_22.json,0,14139,875569,/bin/bash /usr/local/bin/start.sh multibwa.sh /data /data/References/Broad_UMI /data/References/Broad_UMI/Human_RefSeq /data/Aligns 24 20 8,1,0,23,start.sh,54,1,298,2281472,130
1088,1572137792,2019_10_27__00_56_32.json,0,14139,875569,/bin/bash /usr/local/bin/start.sh multibwa.sh /data /data/References/Broad_UMI /data/References/Broad_UMI/Human_RefSeq /data/Aligns 24 20 8,1,0,23,start.sh,54,1,298,2281472,130
1089,1572137802,2019_10_27__00_56_42.json,0,14139,875569,/bin/bash /usr/local/bin/start.sh multibwa.sh /data /data/References/Broad_UMI /data/References/Broad_UMI/Human_RefSeq /data/Aligns 24 20 8,1,0,23,start.sh,54,1,298,2281472,130
1090,1572137812,2019_10_27__00_56_52.json,0,14139,875569,/bin/bash /usr/local/bin/start.sh multibwa.sh /data /data/References/Broad_UMI /data/References/Broad_UMI/Human_RefSeq /data/Aligns 24 20 8,1,0,23,start.sh,54,1,298,2281472,130
1091,1572137823,2019_10_27__00_57_03.json,0,14139,875569,/bin/bash /usr/local/bin/start.sh multibwa.sh /data /data/References/Broad_UMI /data/References/Broad_UMI/Human_RefSeq /data/Aligns 24 20 8,1,0,23,start.sh,54,1,298,2281472,130
1092,1572137833,2019_10_27__00_57_13.json,0,14139,875569,/bin/bash /usr/local/bin/start.sh multibwa.sh /data /data/References/Broad_UMI /data/References/Broad_UMI/Human_RefSeq /data/Aligns 24 20 8,1,0,23,start.sh,54,1,298,2281472,130
1093,1572137843,2019_10_27__00_57_23.json,0,14139,875569,/bin/bash /usr/local/bin/start.sh multibwa.sh /data /data/References/Broad_UMI /data/References/Broad_UMI/Human_RefSeq /data/Aligns 24 20 8,1,0,23,start.sh,54,1,298,2281472,130
1094,1572137853,2019_10_27__00_57_33.json,0,14139,875569,/bin/bash /usr/local/bin/start.sh multibwa.sh /data /data/References/Broad_UMI /data/References/Broad_UMI/Human_RefSeq /data/Aligns 24 20 8,1,0,23,start.sh,54,1,298,2281472,130
1095,1572137864,2019_10_27__00_57_44.json,0,14139,875569,/bin/bash /usr/local/bin/start.sh multibwa.sh /data /data/References/Broad_UMI /data/References/Broad_UMI/Human_RefSeq /data/Aligns 24 20 8,1,0,23,start.sh,54,1,298,2281472,130
1096,1572137874,2019_10_27__00_57_54.json,0,14139,875569,/bin/bash /usr/local/bin/start.sh multibwa.sh /data /data/References/Broad_UMI /data/References/Broad_UMI/Human_RefSeq /data/Aligns 24 20 8,1,0,23,start.sh,54,1,298,2281472,130
1097,1572137884,2019_10_27__00_58_04.json,0,14139,875569,/bin/bash /usr/local/bin/start.sh multibwa.sh /data /data/References/Broad_UMI /data/References/Broad_UMI/Human_RefSeq /data/Aligns 24 20 8,1,0,23,start.sh,54,1,298,2281472,130
1098,1572137894,2019_10_27__00_58_14.json,0,14139,875569,/bin/bash /usr/local/bin/start.sh multibwa.sh /data /data/References/Broad_UMI /data/References/Broad_UMI/Human_RefSeq /data/Aligns 24 20 8,1,0,23,start.sh,54,1,298,2281472,130
1099,1572137904,2019_10_27__00_58_24.json,0,14139,875569,/bin/bash /usr/local/bin/start.sh multibwa.sh /data /data/References/Broad_UMI /data/References/Broad_UMI/Human_RefSeq /data/Aligns 24 20 8,1,0,23,start.sh,54,1,298,2281472,130
1100,1572137915,2019_10_27__00_58_35.json,0,14139,875569,/bin/bash /usr/local/bin/start.sh multibwa.sh /data /data/References/Broad_UMI /data/References/Broad_UMI/Human_RefSeq /data/Aligns 24 20 8,1,0,23,start.sh,54,1,298,2281472,130
1101,1572137925,2019_10_27__00_58_45.json,0,14139,875569,/bin/bash /usr/local/bin/start.sh multibwa.sh /data /data/References/Broad_UMI /data/References/Broad_UMI/Human_RefSeq /data/Aligns 24 20 8,1,0,23,start.sh,54,1,298,2281472,130
1102,1572137935,2019_10_27__00_58_55.json,0,14139,875569,/bin/bash /usr/local/bin/start.sh multibwa.sh /data /data/References/Broad_UMI /data/References/Broad_UMI/Human_RefSeq /data/Aligns 24 20 8,1,0,23,start.sh,54,1,298,2281472,130
1103,1572137945,2019_10_27__00_59_05.json,0,14139,875569,/bin/bash /usr/local/bin/start.sh multibwa.sh /data /data/References/Broad_UMI /data/References/Broad_UMI/Human_RefSeq /data/Aligns 24 20 8,1,0,23,start.sh,54,1,298,2281472,130
1104,1572137955,2019_10_27__00_59_15.json,0,14139,875569,/bin/bash /usr/local/bin/start.sh multibwa.sh /data /data/References/Broad_UMI /data/References/Broad_UMI/Human_RefSeq /data/Aligns 24 20 8,1,0,23,start.sh,54,1,298,2281472,130
1105,1572137966,2019_10_27__00_59_26.json,0,14139,875569,/bin/bash /usr/local/bin/start.sh multibwa.sh /data /data/References/Broad_UMI /data/References/Broad_UMI/Human_RefSeq /data/Aligns 24 20 8,1,0,23,start.sh,54,1,298,2281472,130
1106,1572137976,2019_10_27__00_59_36.json,0,14139,875569,/bin/bash /usr/local/bin/start.sh multibwa.sh /data /data/References/Broad_UMI /data/References/Broad_UMI/Human_RefSeq /data/Aligns 24 20 8,1,0,23,start.sh,54,1,298,2281472,130
1107,1572137986,2019_10_27__00_59_46.json,0,14139,875569,/bin/bash /usr/local/bin/start.sh multibwa.sh /data /data/References/Broad_UMI /data/References/Broad_UMI/Human_RefSeq /data/Aligns 24 20 8,1,0,23,start.sh,54,1,298,2281472,130
1108,1572137996,2019_10_27__00_59_56.json,0,14139,875569,/bin/bash /usr/local/bin/start.sh multibwa.sh /data /data/References/Broad_UMI /data/References/Broad_UMI/Human_RefSeq /data/Aligns 24 20 8,1,0,23,start.sh,54,1,298,2281472,130
1109,1572138006,2019_10_27__01_00_06.json,0,14139,875569,/bin/bash /usr/local/bin/start.sh multibwa.sh /data /data/References/Broad_UMI /data/References/Broad_UMI/Human_RefSeq /data/Aligns 24 20 8,1,0,23,start.sh,54,1,298,2281472,130
1110,1572138017,2019_10_27__01_00_17.json,0,14139,875569,/bin/bash /usr/local/bin/start.sh multibwa.sh /data /data/References/Broad_UMI /data/References/Broad_UMI/Human_RefSeq /data/Aligns 24 20 8,1,0,23,start.sh,54,1,298,2281472,130
1111,1572138027,2019_10_27__01_00_27.json,0,14139,875569,/bin/bash /usr/local/bin/start.sh multibwa.sh /data /data/References/Broad_UMI /data/References/Broad_UMI/Human_RefSeq /data/Aligns 24 20 8,1,0,23,start.sh,54,1,298,2281472,130
1112,1572138037,2019_10_27__01_00_37.json,0,14139,875569,/bin/bash /usr/local/bin/start.sh multibwa.sh /data /data/References/Broad_UMI /data/References/Broad_UMI/Human_RefSeq /data/Aligns 24 20 8,1,0,23,start.sh,54,1,298,2281472,130
1113,1572138047,2019_10_27__01_00_47.json,0,14139,875569,/bin/bash /usr/local/bin/start.sh multibwa.sh /data /data/References/Broad_UMI /data/References/Broad_UMI/Human_RefSeq /data/Aligns 24 20 8,1,0,23,start.sh,54,1,298,2281472,130
1114,1572138058,2019_10_27__01_00_58.json,0,14139,875569,/bin/bash /usr/local/bin/start.sh multibwa.sh /data /data/References/Broad_UMI /data/References/Broad_UMI/Human_RefSeq /data/Aligns 24 20 8,1,0,23,start.sh,54,1,298,2281472,130
1115,1572138068,2019_10_27__01_01_08.json,0,14139,875569,/bin/bash /usr/local/bin/start.sh multibwa.sh /data /data/References/Broad_UMI /data/References/Broad_UMI/Human_RefSeq /data/Aligns 24 20 8,1,0,23,start.sh,54,1,298,2281472,130
1116,1572138078,2019_10_27__01_01_18.json,0,14139,875569,/bin/bash /usr/local/bin/start.sh multibwa.sh /data /data/References/Broad_UMI /data/References/Broad_UMI/Human_RefSeq /data/Aligns 24 20 8,1,0,23,start.sh,54,1,298,2281472,130
1117,1572138088,2019_10_27__01_01_28.json,0,14139,875569,/bin/bash /usr/local/bin/start.sh multibwa.sh /data /data/References/Broad_UMI /data/References/Broad_UMI/Human_RefSeq /data/Aligns 24 20 8,1,0,23,start.sh,54,1,298,2281472,130
1118,1572138099,2019_10_27__01_01_39.json,0,14139,875569,/bin/bash /usr/local/bin/start.sh multibwa.sh /data /data/References/Broad_UMI /data/References/Broad_UMI/Human_RefSeq /data/Aligns 24 20 8,1,0,23,start.sh,54,1,298,2281472,130
1119,1572138109,2019_10_27__01_01_49.json,0,14139,875569,/bin/bash /usr/local/bin/start.sh multibwa.sh /data /data/References/Broad_UMI /data/References/Broad_UMI/Human_RefSeq /data/Aligns 24 20 8,1,0,23,start.sh,54,1,298,2281472,130
1120,1572138119,2019_10_27__01_01_59.json,0,14139,875569,/bin/bash /usr/local/bin/start.sh multibwa.sh /data /data/References/Broad_UMI /data/References/Broad_UMI/Human_RefSeq /data/Aligns 24 20 8,1,0,23,start.sh,54,1,298,2281472,130
1121,1572138129,2019_10_27__01_02_09.json,0,14139,875569,/bin/bash /usr/local/bin/start.sh multibwa.sh /data /data/References/Broad_UMI /data/References/Broad_UMI/Human_RefSeq /data/Aligns 24 20 8,1,0,23,start.sh,54,1,298,2281472,130
1122,1572138139,2019_10_27__01_02_19.json,0,14139,875569,/bin/bash /usr/local/bin/start.sh multibwa.sh /data /data/References/Broad_UMI /data/References/Broad_UMI/Human_RefSeq /data/Aligns 24 20 8,1,0,23,start.sh,54,1,298,2281472,130
1123,1572138149,2019_10_27__01_02_29.json,0,14139,875569,/bin/bash /usr/local/bin/start.sh multibwa.sh /data /data/References/Broad_UMI /data/References/Broad_UMI/Human_RefSeq /data/Aligns 24 20 8,1,0,23,start.sh,54,1,298,2281472,130
1124,1572138160,2019_10_27__01_02_40.json,0,14139,875569,/bin/bash /usr/local/bin/start.sh multibwa.sh /data /data/References/Broad_UMI /data/References/Broad_UMI/Human_RefSeq /data/Aligns 24 20 8,1,0,23,start.sh,54,1,298,2281472,130
1125,1572138170,2019_10_27__01_02_50.json,0,14139,875569,/bin/bash /usr/local/bin/start.sh multibwa.sh /data /data/References/Broad_UMI /data/References/Broad_UMI/Human_RefSeq /data/Aligns 24 20 8,1,0,23,start.sh,54,1,298,2281472,130
1126,1572138180,2019_10_27__01_03_00.json,0,14139,875569,/bin/bash /usr/local/bin/start.sh multibwa.sh /data /data/References/Broad_UMI /data/References/Broad_UMI/Human_RefSeq /data/Aligns 24 20 8,1,0,23,start.sh,54,1,298,2281472,130
1127,1572138190,2019_10_27__01_03_10.json,0,14139,875569,/bin/bash /usr/local/bin/start.sh multibwa.sh /data /data/References/Broad_UMI /data/References/Broad_UMI/Human_RefSeq /data/Aligns 24 20 8,1,0,23,start.sh,54,1,298,2281472,130
1128,1572138201,2019_10_27__01_03_21.json,0,14139,875569,/bin/bash /usr/local/bin/start.sh multibwa.sh /data /data/References/Broad_UMI /data/References/Broad_UMI/Human_RefSeq /data/Aligns 24 20 8,1,0,23,start.sh,54,1,298,2281472,130
1129,1572138211,2019_10_27__01_03_31.json,0,14139,875569,/bin/bash /usr/local/bin/start.sh multibwa.sh /data /data/References/Broad_UMI /data/References/Broad_UMI/Human_RefSeq /data/Aligns 24 20 8,1,0,23,start.sh,54,1,298,2281472,130
1130,1572138221,2019_10_27__01_03_41.json,0,14139,875569,/bin/bash /usr/local/bin/start.sh multibwa.sh /data /data/References/Broad_UMI /data/References/Broad_UMI/Human_RefSeq /data/Aligns 24 20 8,1,0,23,start.sh,54,1,298,2281472,130
1131,1572138231,2019_10_27__01_03_51.json,0,14139,875569,/bin/bash /usr/local/bin/start.sh multibwa.sh /data /data/References/Broad_UMI /data/References/Broad_UMI/Human_RefSeq /data/Aligns 24 20 8,1,0,23,start.sh,54,1,298,2281472,130
1132,1572138241,2019_10_27__01_04_01.json,0,14139,875569,/bin/bash /usr/local/bin/start.sh multibwa.sh /data /data/References/Broad_UMI /data/References/Broad_UMI/Human_RefSeq /data/Aligns 24 20 8,1,0,23,start.sh,54,1,298,2281472,130
1133,1572138252,2019_10_27__01_04_12.json,0,14139,875569,/bin/bash /usr/local/bin/start.sh multibwa.sh /data /data/References/Broad_UMI /data/References/Broad_UMI/Human_RefSeq /data/Aligns 24 20 8,1,0,23,start.sh,54,1,298,2281472,130
1134,1572138255,2019_10_27__01_04_15.json,0,14139,875569,/bin/bash /usr/local/bin/start.sh multibwa.sh /data /data/References/Broad_UMI /data/References/Broad_UMI/Human_RefSeq /data/Aligns 24 20 8,1,0,23,start.sh,54,1,298,2281472,130
1135,1572138265,2019_10_27__01_04_25.json,0,14139,875569,/bin/bash /usr/local/bin/start.sh multibwa.sh /data /data/References/Broad_UMI /data/References/Broad_UMI/Human_RefSeq /data/Aligns 24 20 8,1,0,23,start.sh,54,1,298,2281472,130
1136,1572138275,2019_10_27__01_04_35.json,0,14139,875569,/bin/bash /usr/local/bin/start.sh multibwa.sh /data /data/References/Broad_UMI /data/References/Broad_UMI/Human_RefSeq /data/Aligns 24 20 8,1,0,23,start.sh,54,1,298,2281472,130
1137,1572138286,2019_10_27__01_04_46.json,0,14139,875569,/bin/bash /usr/local/bin/start.sh multibwa.sh /data /data/References/Broad_UMI /data/References/Broad_UMI/Human_RefSeq /data/Aligns 24 20 8,1,0,23,start.sh,54,1,298,2281472,130
1138,1572138296,2019_10_27__01_04_56.json,0,14139,875569,/bin/bash /usr/local/bin/start.sh multibwa.sh /data /data/References/Broad_UMI /data/References/Broad_UMI/Human_RefSeq /data/Aligns 24 20 8,1,0,23,start.sh,54,1,298,2281472,130
1139,1572138306,2019_10_27__01_05_06.json,0,14139,875569,/bin/bash /usr/local/bin/start.sh multibwa.sh /data /data/References/Broad_UMI /data/References/Broad_UMI/Human_RefSeq /data/Aligns 24 20 8,1,0,23,start.sh,54,1,298,2281472,130
1140,1572138316,2019_10_27__01_05_16.json,0,14139,875569,/bin/bash /usr/local/bin/start.sh multibwa.sh /data /data/References/Broad_UMI /data/References/Broad_UMI/Human_RefSeq /data/Aligns 24 20 8,1,0,23,start.sh,54,1,298,2281472,130
1141,1572138326,2019_10_27__01_05_26.json,0,14139,875569,/bin/bash /usr/local/bin/start.sh multibwa.sh /data /data/References/Broad_UMI /data/References/Broad_UMI/Human_RefSeq /data/Aligns 24 20 8,1,0,23,start.sh,54,1,298,2281472,130
1142,1572138337,2019_10_27__01_05_37.json,0,14139,875569,/bin/bash /usr/local/bin/start.sh multibwa.sh /data /data/References/Broad_UMI /data/References/Broad_UMI/Human_RefSeq /data/Aligns 24 20 8,1,0,23,start.sh,54,1,298,2281472,130
1143,1572138347,2019_10_27__01_05_47.json,0,14139,875569,/bin/bash /usr/local/bin/start.sh multibwa.sh /data /data/References/Broad_UMI /data/References/Broad_UMI/Human_RefSeq /data/Aligns 24 20 8,1,0,23,start.sh,54,1,298,2281472,130
1144,1572138357,2019_10_27__01_05_57.json,0,14139,875569,/bin/bash /usr/local/bin/start.sh multibwa.sh /data /data/References/Broad_UMI /data/References/Broad_UMI/Human_RefSeq /data/Aligns 24 20 8,1,0,23,start.sh,54,1,298,2281472,130
1145,1572138361,2019_10_27__01_06_01.json,0,14139,875569,/bin/bash /usr/local/bin/start.sh multibwa.sh /data /data/References/Broad_UMI /data/References/Broad_UMI/Human_RefSeq /data/Aligns 24 20 8,1,0,23,start.sh,54,1,298,2281472,130
1146,1572138371,2019_10_27__01_06_11.json,0,14139,875569,/bin/bash /usr/local/bin/start.sh multibwa.sh /data /data/References/Broad_UMI /data/References/Broad_UMI/Human_RefSeq /data/Aligns 24 20 8,1,0,23,start.sh,54,1,298,2281472,130
1147,1572138381,2019_10_27__01_06_21.json,0,14139,875569,/bin/bash /usr/local/bin/start.sh multibwa.sh /data /data/References/Broad_UMI /data/References/Broad_UMI/Human_RefSeq /data/Aligns 24 20 8,1,0,23,start.sh,54,1,298,2281472,130
1148,1572138391,2019_10_27__01_06_31.json,0,14139,875569,/bin/bash /usr/local/bin/start.sh multibwa.sh /data /data/References/Broad_UMI /data/References/Broad_UMI/Human_RefSeq /data/Aligns 24 20 8,1,0,23,start.sh,54,1,298,2281472,130
1149,1572138402,2019_10_27__01_06_42.json,0,14139,875569,/bin/bash /usr/local/bin/start.sh multibwa.sh /data /data/References/Broad_UMI /data/References/Broad_UMI/Human_RefSeq /data/Aligns 24 20 8,1,0,23,start.sh,54,1,298,2281472,130
1150,1572138412,2019_10_27__01_06_52.json,0,14139,875569,/bin/bash /usr/local/bin/start.sh multibwa.sh /data /data/References/Broad_UMI /data/References/Broad_UMI/Human_RefSeq /data/Aligns 24 20 8,1,0,23,start.sh,54,1,298,2281472,130
1151,1572138422,2019_10_27__01_07_02.json,0,14139,875569,/bin/bash /usr/local/bin/start.sh multibwa.sh /data /data/References/Broad_UMI /data/References/Broad_UMI/Human_RefSeq /data/Aligns 24 20 8,1,0,23,start.sh,54,1,298,2281472,130
1152,1572138433,2019_10_27__01_07_12.json,0,14139,875569,/bin/bash /usr/local/bin/start.sh multibwa.sh /data /data/References/Broad_UMI /data/References/Broad_UMI/Human_RefSeq /data/Aligns 24 20 8,1,0,23,start.sh,54,1,298,2281472,130
1153,1572138443,2019_10_27__01_07_23.json,0,14139,875569,/bin/bash /usr/local/bin/start.sh multibwa.sh /data /data/References/Broad_UMI /data/References/Broad_UMI/Human_RefSeq /data/Aligns 24 20 8,1,0,23,start.sh,54,1,298,2281472,130
1154,1572138448,2019_10_27__01_07_28.json,0,14139,875569,/bin/bash /usr/local/bin/start.sh multibwa.sh /data /data/References/Broad_UMI /data/References/Broad_UMI/Human_RefSeq /data/Aligns 24 20 8,1,0,23,start.sh,54,1,298,2281472,130
1155,1572138450,2019_10_27__01_07_30.json,0,14139,875569,/bin/bash /usr/local/bin/start.sh multibwa.sh /data /data/References/Broad_UMI /data/References/Broad_UMI/Human_RefSeq /data/Aligns 24 20 8,1,0,23,start.sh,54,1,298,2281472,130
1156,1572138457,2019_10_27__01_07_37.json,0,14139,875569,/bin/bash /usr/local/bin/start.sh multibwa.sh /data /data/References/Broad_UMI /data/References/Broad_UMI/Human_RefSeq /data/Aligns 24 20 8,1,0,23,start.sh,54,1,298,2281472,130
1157,1572138468,2019_10_27__01_07_48.json,0,14139,875569,/bin/bash /usr/local/bin/start.sh multibwa.sh /data /data/References/Broad_UMI /data/References/Broad_UMI/Human_RefSeq /data/Aligns 24 20 8,1,0,23,start.sh,54,1,298,2281472,130
1158,1572138478,2019_10_27__01_07_58.json,0,15663,975717,/bin/bash /usr/local/bin/start.sh multibwa.sh /data /data/References/Broad_UMI /data/References/Broad_UMI/Human_RefSeq /data/Aligns 24 20 8,1,0,23,start.sh,58,1,298,2281472,140
1159,1572138486,2019_10_27__01_08_06.json,0,15732,975719,/bin/bash /usr/local/bin/start.sh multibwa.sh /data /data/References/Broad_UMI /data/References/Broad_UMI/Human_RefSeq /data/Aligns 24 20 8,1,0,23,start.sh,58,1,298,2281472,142
1160,1572138496,2019_10_27__01_08_16.json,0,15732,975719,/bin/bash /usr/local/bin/start.sh multibwa.sh /data /data/References/Broad_UMI /data/References/Broad_UMI/Human_RefSeq /data/Aligns 24 20 8,1,0,23,start.sh,58,1,298,2281472,142
1161,1572138507,2019_10_27__01_08_26.json,0,15732,975719,/bin/bash /usr/local/bin/start.sh multibwa.sh /data /data/References/Broad_UMI /data/References/Broad_UMI/Human_RefSeq /data/Aligns 24 20 8,1,0,23,start.sh,58,1,298,2281472,142
1162,1572138517,2019_10_27__01_08_37.json,0,15732,975719,/bin/bash /usr/local/bin/start.sh multibwa.sh /data /data/References/Broad_UMI /data/References/Broad_UMI/Human_RefSeq /data/Aligns 24 20 8,1,0,23,start.sh,58,1,298,2281472,142
1163,1572138527,2019_10_27__01_08_47.json,0,15732,975719,/bin/bash /usr/local/bin/start.sh multibwa.sh /data /data/References/Broad_UMI /data/References/Broad_UMI/Human_RefSeq /data/Aligns 24 20 8,1,0,23,start.sh,58,1,298,2281472,142
1164,1572138537,2019_10_27__01_08_57.json,0,15732,975719,/bin/bash /usr/local/bin/start.sh multibwa.sh /data /data/References/Broad_UMI /data/References/Broad_UMI/Human_RefSeq /data/Aligns 24 20 8,1,0,23,start.sh,58,1,298,2281472,142
1165,1572138547,2019_10_27__01_09_07.json,0,15732,975719,/bin/bash /usr/local/bin/start.sh multibwa.sh /data /data/References/Broad_UMI /data/References/Broad_UMI/Human_RefSeq /data/Aligns 24 20 8,1,0,23,start.sh,58,1,298,2281472,142
1166,1572138558,2019_10_27__01_09_17.json,0,15732,975719,/bin/bash /usr/local/bin/start.sh multibwa.sh /data /data/References/Broad_UMI /data/References/Broad_UMI/Human_RefSeq /data/Aligns 24 20 8,1,0,23,start.sh,58,1,298,2281472,142
1167,1572138568,2019_10_27__01_09_28.json,0,15732,975719,/bin/bash /usr/local/bin/start.sh multibwa.sh /data /data/References/Broad_UMI /data/References/Broad_UMI/Human_RefSeq /data/Aligns 24 20 8,1,0,23,start.sh,58,1,298,2281472,142
1168,1572138578,2019_10_27__01_09_38.json,0,15732,975719,/bin/bash /usr/local/bin/start.sh multibwa.sh /data /data/References/Broad_UMI /data/References/Broad_UMI/Human_RefSeq /data/Aligns 24 20 8,1,0,23,start.sh,58,1,298,2281472,142
1169,1572138588,2019_10_27__01_09_48.json,0,15732,975719,/bin/bash /usr/local/bin/start.sh multibwa.sh /data /data/References/Broad_UMI /data/References/Broad_UMI/Human_RefSeq /data/Aligns 24 20 8,1,0,23,start.sh,58,1,298,2281472,142
1170,1572138598,2019_10_27__01_09_58.json,0,15732,975719,/bin/bash /usr/local/bin/start.sh multibwa.sh /data /data/References/Broad_UMI /data/References/Broad_UMI/Human_RefSeq /data/Aligns 24 20 8,1,0,23,start.sh,58,1,298,2281472,142
1171,1572138609,2019_10_27__01_10_09.json,0,15732,975719,/bin/bash /usr/local/bin/start.sh multibwa.sh /data /data/References/Broad_UMI /data/References/Broad_UMI/Human_RefSeq /data/Aligns 24 20 8,1,0,23,start.sh,58,1,298,2281472,142
1172,1572138619,2019_10_27__01_10_19.json,0,15732,975719,/bin/bash /usr/local/bin/start.sh multibwa.sh /data /data/References/Broad_UMI /data/References/Broad_UMI/Human_RefSeq /data/Aligns 24 20 8,1,0,23,start.sh,58,1,298,2281472,142
1173,1572138629,2019_10_27__01_10_29.json,0,15732,975719,/bin/bash /usr/local/bin/start.sh multibwa.sh /data /data/References/Broad_UMI /data/References/Broad_UMI/Human_RefSeq /data/Aligns 24 20 8,1,0,23,start.sh,58,1,298,2281472,142
1174,1572138632,2019_10_27__01_10_32.json,0,15732,975719,/bin/bash /usr/local/bin/start.sh multibwa.sh /data /data/References/Broad_UMI /data/References/Broad_UMI/Human_RefSeq /data/Aligns 24 20 8,1,0,23,start.sh,58,1,298,2281472,142
1175,1572138634,2019_10_27__01_10_34.json,0,15732,975719,/bin/bash /usr/local/bin/start.sh multibwa.sh /data /data/References/Broad_UMI /data/References/Broad_UMI/Human_RefSeq /data/Aligns 24 20 8,1,0,23,start.sh,58,1,298,2281472,142
1176,1572138637,2019_10_27__01_10_37.json,0,15732,975719,/bin/bash /usr/local/bin/start.sh multibwa.sh /data /data/References/Broad_UMI /data/References/Broad_UMI/Human_RefSeq /data/Aligns 24 20 8,1,0,23,start.sh,58,1,298,2281472,142
1177,1572138639,2019_10_27__01_10_39.json,0,15732,975719,/bin/bash /usr/local/bin/start.sh multibwa.sh /data /data/References/Broad_UMI /data/References/Broad_UMI/Human_RefSeq /data/Aligns 24 20 8,1,0,23,start.sh,58,1,298,2281472,142
1178,1572138641,2019_10_27__01_10_41.json,0,15732,975719,/bin/bash /usr/local/bin/start.sh multibwa.sh /data /data/References/Broad_UMI /data/References/Broad_UMI/Human_RefSeq /data/Aligns 24 20 8,1,0,23,start.sh,58,1,298,2281472,142
1179,1572138649,2019_10_27__01_10_49.json,0,15732,975719,/bin/bash /usr/local/bin/start.sh multibwa.sh /data /data/References/Broad_UMI /data/References/Broad_UMI/Human_RefSeq /data/Aligns 24 20 8,1,0,23,start.sh,58,1,298,2281472,142
1180,1572138659,2019_10_27__01_10_59.json,0,15732,975719,/bin/bash /usr/local/bin/start.sh multibwa.sh /data /data/References/Broad_UMI /data/References/Broad_UMI/Human_RefSeq /data/Aligns 24 20 8,1,0,23,start.sh,58,1,298,2281472,142
1181,1572138669,2019_10_27__01_11_09.json,0,15732,975719,/bin/bash /usr/local/bin/start.sh multibwa.sh /data /data/References/Broad_UMI /data/References/Broad_UMI/Human_RefSeq /data/Aligns 24 20 8,1,0,23,start.sh,58,1,298,2281472,142
1182,1572138679,2019_10_27__01_11_19.json,0,15732,975719,/bin/bash /usr/local/bin/start.sh multibwa.sh /data /data/References/Broad_UMI /data/References/Broad_UMI/Human_RefSeq /data/Aligns 24 20 8,1,0,23,start.sh,58,1,298,2281472,142
1183,1572138689,2019_10_27__01_11_29.json,0,15732,975719,/bin/bash /usr/local/bin/start.sh multibwa.sh /data /data/References/Broad_UMI /data/References/Broad_UMI/Human_RefSeq /data/Aligns 24 20 8,1,0,23,start.sh,58,1,298,2281472,142
1184,1572138691,2019_10_27__01_11_31.json,0,15732,975719,/bin/bash /usr/local/bin/start.sh multibwa.sh /data /data/References/Broad_UMI /data/References/Broad_UMI/Human_RefSeq /data/Aligns 24 20 8,1,0,23,start.sh,58,1,298,2281472,142
1185,1572138696,2019_10_27__01_11_36.json,0,15732,975719,/bin/bash /usr/local/bin/start.sh multibwa.sh /data /data/References/Broad_UMI /data/References/Broad_UMI/Human_RefSeq /data/Aligns 24 20 8,1,0,23,start.sh,58,1,298,2281472,142
1186,1572138706,2019_10_27__01_11_46.json,0,15732,975719,/bin/bash /usr/local/bin/start.sh multibwa.sh /data /data/References/Broad_UMI /data/References/Broad_UMI/Human_RefSeq /data/Aligns 24 20 8,1,0,23,start.sh,58,1,298,2281472,142
1187,1572138716,2019_10_27__01_11_56.json,0,15732,975719,/bin/bash /usr/local/bin/start.sh multibwa.sh /data /data/References/Broad_UMI /data/References/Broad_UMI/Human_RefSeq /data/Aligns 24 20 8,1,0,23,start.sh,58,1,298,2281472,142
1188,1572138726,2019_10_27__01_12_06.json,0,15732,975719,/bin/bash /usr/local/bin/start.sh multibwa.sh /data /data/References/Broad_UMI /data/References/Broad_UMI/Human_RefSeq /data/Aligns 24 20 8,1,0,23,start.sh,58,1,298,2281472,142
1189,1572138736,2019_10_27__01_12_16.json,0,15732,975719,/bin/bash /usr/local/bin/start.sh multibwa.sh /data /data/References/Broad_UMI /data/References/Broad_UMI/Human_RefSeq /data/Aligns 24 20 8,1,0,23,start.sh,58,1,298,2281472,142
1190,1572138746,2019_10_27__01_12_26.json,0,15732,975719,/bin/bash /usr/local/bin/start.sh multibwa.sh /data /data/References/Broad_UMI /data/References/Broad_UMI/Human_RefSeq /data/Aligns 24 20 8,1,0,23,start.sh,58,1,298,2281472,142
1191,1572138757,2019_10_27__01_12_37.json,0,15732,975719,/bin/bash /usr/local/bin/start.sh multibwa.sh /data /data/References/Broad_UMI /data/References/Broad_UMI/Human_RefSeq /data/Aligns 24 20 8,1,0,23,start.sh,58,1,298,2281472,142
1192,1572138767,2019_10_27__01_12_47.json,0,15732,975719,/bin/bash /usr/local/bin/start.sh multibwa.sh /data /data/References/Broad_UMI /data/References/Broad_UMI/Human_RefSeq /data/Aligns 24 20 8,1,0,23,start.sh,58,1,298,2281472,142
1193,1572138777,2019_10_27__01_12_57.json,0,15732,975719,/bin/bash /usr/local/bin/start.sh multibwa.sh /data /data/References/Broad_UMI /data/References/Broad_UMI/Human_RefSeq /data/Aligns 24 20 8,1,0,23,start.sh,58,1,298,2281472,142
1194,1572138787,2019_10_27__01_13_07.json,0,15732,975719,/bin/bash /usr/local/bin/start.sh multibwa.sh /data /data/References/Broad_UMI /data/References/Broad_UMI/Human_RefSeq /data/Aligns 24 20 8,1,0,23,start.sh,58,1,298,2281472,142
1195,1572138797,2019_10_27__01_13_17.json,0,15732,975719,/bin/bash /usr/local/bin/start.sh multibwa.sh /data /data/References/Broad_UMI /data/References/Broad_UMI/Human_RefSeq /data/Aligns 24 20 8,1,0,23,start.sh,58,1,298,2281472,142
1196,1572138808,2019_10_27__01_13_27.json,0,15732,975719,/bin/bash /usr/local/bin/start.sh multibwa.sh /data /data/References/Broad_UMI /data/References/Broad_UMI/Human_RefSeq /data/Aligns 24 20 8,1,0,23,start.sh,58,1,298,2281472,142
1197,1572138818,2019_10_27__01_13_38.json,0,15732,975719,/bin/bash /usr/local/bin/start.sh multibwa.sh /data /data/References/Broad_UMI /data/References/Broad_UMI/Human_RefSeq /data/Aligns 24 20 8,1,0,23,start.sh,58,1,298,2281472,142
1198,1572138828,2019_10_27__01_13_48.json,0,15732,975719,/bin/bash /usr/local/bin/start.sh multibwa.sh /data /data/References/Broad_UMI /data/References/Broad_UMI/Human_RefSeq /data/Aligns 24 20 8,1,0,23,start.sh,58,1,298,2281472,142
1199,1572138838,2019_10_27__01_13_58.json,0,15732,975719,/bin/bash /usr/local/bin/start.sh multibwa.sh /data /data/References/Broad_UMI /data/References/Broad_UMI/Human_RefSeq /data/Aligns 24 20 8,1,0,23,start.sh,58,1,298,2281472,142
1200,1572138848,2019_10_27__01_14_08.json,0,15732,975719,/bin/bash /usr/local/bin/start.sh multibwa.sh /data /data/References/Broad_UMI /data/References/Broad_UMI/Human_RefSeq /data/Aligns 24 20 8,1,0,23,start.sh,58,1,298,2281472,142
1201,1572138858,2019_10_27__01_14_18.json,0,15732,975719,/bin/bash /usr/local/bin/start.sh multibwa.sh /data /data/References/Broad_UMI /data/References/Broad_UMI/Human_RefSeq /data/Aligns 24 20 8,1,0,23,start.sh,58,1,298,2281472,142
1202,1572138868,2019_10_27__01_14_28.json,0,15732,975719,/bin/bash /usr/local/bin/start.sh multibwa.sh /data /data/References/Broad_UMI /data/References/Broad_UMI/Human_RefSeq /data/Aligns 24 20 8,1,0,23,start.sh,58,1,298,2281472,142
1203,1572138878,2019_10_27__01_14_38.json,0,15732,975719,/bin/bash /usr/local/bin/start.sh multibwa.sh /data /data/References/Broad_UMI /data/References/Broad_UMI/Human_RefSeq /data/Aligns 24 20 8,1,0,23,start.sh,58,1,298,2281472,142
1204,1572138889,2019_10_27__01_14_49.json,0,15732,975719,/bin/bash /usr/local/bin/start.sh multibwa.sh /data /data/References/Broad_UMI /data/References/Broad_UMI/Human_RefSeq /data/Aligns 24 20 8,1,0,23,start.sh,58,1,298,2281472,142
1205,1572138899,2019_10_27__01_14_59.json,0,15732,975719,/bin/bash /usr/local/bin/start.sh multibwa.sh /data /data/References/Broad_UMI /data/References/Broad_UMI/Human_RefSeq /data/Aligns 24 20 8,1,0,23,start.sh,58,1,298,2281472,142
1206,1572138909,2019_10_27__01_15_09.json,0,15732,975719,/bin/bash /usr/local/bin/start.sh multibwa.sh /data /data/References/Broad_UMI /data/References/Broad_UMI/Human_RefSeq /data/Aligns 24 20 8,1,0,23,start.sh,58,1,298,2281472,142
1207,1572138920,2019_10_27__01_15_20.json,0,15732,975719,/bin/bash /usr/local/bin/start.sh multibwa.sh /data /data/References/Broad_UMI /data/References/Broad_UMI/Human_RefSeq /data/Aligns 24 20 8,1,0,23,start.sh,58,1,298,2281472,142
1208,1572138930,2019_10_27__01_15_30.json,0,15732,975719,/bin/bash /usr/local/bin/start.sh multibwa.sh /data /data/References/Broad_UMI /data/References/Broad_UMI/Human_RefSeq /data/Aligns 24 20 8,1,0,23,start.sh,58,1,298,2281472,142
1209,1572138940,2019_10_27__01_15_40.json,0,15732,975719,/bin/bash /usr/local/bin/start.sh multibwa.sh /data /data/References/Broad_UMI /data/References/Broad_UMI/Human_RefSeq /data/Aligns 24 20 8,1,0,23,start.sh,58,1,298,2281472,142
1210,1572138950,2019_10_27__01_15_50.json,0,15732,975719,/bin/bash /usr/local/bin/start.sh multibwa.sh /data /data/References/Broad_UMI /data/References/Broad_UMI/Human_RefSeq /data/Aligns 24 20 8,1,0,23,start.sh,58,1,298,2281472,142
1211,1572138961,2019_10_27__01_16_01.json,0,15732,975719,/bin/bash /usr/local/bin/start.sh multibwa.sh /data /data/References/Broad_UMI /data/References/Broad_UMI/Human_RefSeq /data/Aligns 24 20 8,1,0,23,start.sh,58,1,298,2281472,142
1212,1572138963,2019_10_27__01_16_03.json,0,15732,975719,/bin/bash /usr/local/bin/start.sh multibwa.sh /data /data/References/Broad_UMI /data/References/Broad_UMI/Human_RefSeq /data/Aligns 24 20 8,1,0,23,start.sh,58,1,298,2281472,142
1213,1572138973,2019_10_27__01_16_13.json,0,15732,975719,/bin/bash /usr/local/bin/start.sh multibwa.sh /data /data/References/Broad_UMI /data/References/Broad_UMI/Human_RefSeq /data/Aligns 24 20 8,1,0,23,start.sh,58,1,298,2281472,142
1214,1572138983,2019_10_27__01_16_23.json,0,15732,975719,/bin/bash /usr/local/bin/start.sh multibwa.sh /data /data/References/Broad_UMI /data/References/Broad_UMI/Human_RefSeq /data/Aligns 24 20 8,1,0,23,start.sh,58,1,298,2281472,142
1215,1572138994,2019_10_27__01_16_33.json,0,15732,975719,/bin/bash /usr/local/bin/start.sh multibwa.sh /data /data/References/Broad_UMI /data/References/Broad_UMI/Human_RefSeq /data/Aligns 24 20 8,1,0,23,start.sh,58,1,298,2281472,142
1216,1572139004,2019_10_27__01_16_44.json,0,15732,975719,/bin/bash /usr/local/bin/start.sh multibwa.sh /data /data/References/Broad_UMI /data/References/Broad_UMI/Human_RefSeq /data/Aligns 24 20 8,1,0,23,start.sh,58,1,298,2281472,142
1217,1572139014,2019_10_27__01_16_54.json,0,15732,975719,/bin/bash /usr/local/bin/start.sh multibwa.sh /data /data/References/Broad_UMI /data/References/Broad_UMI/Human_RefSeq /data/Aligns 24 20 8,1,0,23,start.sh,58,1,298,2281472,142
1218,1572139024,2019_10_27__01_17_04.json,0,15732,975719,/bin/bash /usr/local/bin/start.sh multibwa.sh /data /data/References/Broad_UMI /data/References/Broad_UMI/Human_RefSeq /data/Aligns 24 20 8,1,0,23,start.sh,58,1,298,2281472,142
1219,1572139034,2019_10_27__01_17_14.json,0,15732,975719,/bin/bash /usr/local/bin/start.sh multibwa.sh /data /data/References/Broad_UMI /data/References/Broad_UMI/Human_RefSeq /data/Aligns 24 20 8,1,0,23,start.sh,58,1,298,2281472,142
1220,1572139045,2019_10_27__01_17_25.json,0,15732,975719,/bin/bash /usr/local/bin/start.sh multibwa.sh /data /data/References/Broad_UMI /data/References/Broad_UMI/Human_RefSeq /data/Aligns 24 20 8,1,0,23,start.sh,58,1,298,2281472,142
1221,1572139055,2019_10_27__01_17_35.json,0,15732,975719,/bin/bash /usr/local/bin/start.sh multibwa.sh /data /data/References/Broad_UMI /data/References/Broad_UMI/Human_RefSeq /data/Aligns 24 20 8,1,0,23,start.sh,58,1,298,2281472,142
1222,1572139065,2019_10_27__01_17_45.json,0,15732,975719,/bin/bash /usr/local/bin/start.sh multibwa.sh /data /data/References/Broad_UMI /data/References/Broad_UMI/Human_RefSeq /data/Aligns 24 20 8,1,0,23,start.sh,58,1,298,2281472,142
1223,1572139075,2019_10_27__01_17_55.json,0,15732,975719,/bin/bash /usr/local/bin/start.sh multibwa.sh /data /data/References/Broad_UMI /data/References/Broad_UMI/Human_RefSeq /data/Aligns 24 20 8,1,0,23,start.sh,58,1,298,2281472,142
1224,1572139086,2019_10_27__01_18_06.json,0,15732,975719,/bin/bash /usr/local/bin/start.sh multibwa.sh /data /data/References/Broad_UMI /data/References/Broad_UMI/Human_RefSeq /data/Aligns 24 20 8,1,0,23,start.sh,58,1,298,2281472,142
1225,1572139096,2019_10_27__01_18_16.json,0,15732,975719,/bin/bash /usr/local/bin/start.sh multibwa.sh /data /data/References/Broad_UMI /data/References/Broad_UMI/Human_RefSeq /data/Aligns 24 20 8,1,0,23,start.sh,58,1,298,2281472,142
1226,1572139106,2019_10_27__01_18_26.json,0,15732,975719,/bin/bash /usr/local/bin/start.sh multibwa.sh /data /data/References/Broad_UMI /data/References/Broad_UMI/Human_RefSeq /data/Aligns 24 20 8,1,0,23,start.sh,58,1,298,2281472,142
1227,1572139116,2019_10_27__01_18_36.json,0,15732,975719,/bin/bash /usr/local/bin/start.sh multibwa.sh /data /data/References/Broad_UMI /data/References/Broad_UMI/Human_RefSeq /data/Aligns 24 20 8,1,0,23,start.sh,58,1,298,2281472,142
1228,1572139127,2019_10_27__01_18_46.json,0,15732,975719,/bin/bash /usr/local/bin/start.sh multibwa.sh /data /data/References/Broad_UMI /data/References/Broad_UMI/Human_RefSeq /data/Aligns 24 20 8,1,0,23,start.sh,58,1,298,2281472,142
1229,1572139137,2019_10_27__01_18_57.json,0,15732,975719,/bin/bash /usr/local/bin/start.sh multibwa.sh /data /data/References/Broad_UMI /data/References/Broad_UMI/Human_RefSeq /data/Aligns 24 20 8,1,0,23,start.sh,58,1,298,2281472,142
1230,1572139147,2019_10_27__01_19_07.json,0,15732,975719,/bin/bash /usr/local/bin/start.sh multibwa.sh /data /data/References/Broad_UMI /data/References/Broad_UMI/Human_RefSeq /data/Aligns 24 20 8,1,0,23,start.sh,58,1,298,2281472,142
1231,1572139157,2019_10_27__01_19_17.json,0,15732,975719,/bin/bash /usr/local/bin/start.sh multibwa.sh /data /data/References/Broad_UMI /data/References/Broad_UMI/Human_RefSeq /data/Aligns 24 20 8,1,0,23,start.sh,58,1,298,2281472,142
1232,1572139167,2019_10_27__01_19_27.json,0,15732,975719,/bin/bash /usr/local/bin/start.sh multibwa.sh /data /data/References/Broad_UMI /data/References/Broad_UMI/Human_RefSeq /data/Aligns 24 20 8,1,0,23,start.sh,58,1,298,2281472,142
1233,1572139178,2019_10_27__01_19_38.json,0,15732,975719,/bin/bash /usr/local/bin/start.sh multibwa.sh /data /data/References/Broad_UMI /data/References/Broad_UMI/Human_RefSeq /data/Aligns 24 20 8,1,0,23,start.sh,58,1,298,2281472,142
1234,1572139188,2019_10_27__01_19_48.json,0,15732,975719,/bin/bash /usr/local/bin/start.sh multibwa.sh /data /data/References/Broad_UMI /data/References/Broad_UMI/Human_RefSeq /data/Aligns 24 20 8,1,0,23,start.sh,58,1,298,2281472,142
1235,1572139198,2019_10_27__01_19_58.json,0,15732,975719,/bin/bash /usr/local/bin/start.sh multibwa.sh /data /data/References/Broad_UMI /data/References/Broad_UMI/Human_RefSeq /data/Aligns 24 20 8,1,0,23,start.sh,58,1,298,2281472,142
1236,1572139209,2019_10_27__01_20_09.json,0,15732,975719,/bin/bash /usr/local/bin/start.sh multibwa.sh /data /data/References/Broad_UMI /data/References/Broad_UMI/Human_RefSeq /data/Aligns 24 20 8,1,0,23,start.sh,58,1,298,2281472,142
1237,1572139219,2019_10_27__01_20_19.json,0,15732,975719,/bin/bash /usr/local/bin/start.sh multibwa.sh /data /data/References/Broad_UMI /data/References/Broad_UMI/Human_RefSeq /data/Aligns 24 20 8,1,0,23,start.sh,58,1,298,2281472,142
1238,1572139229,2019_10_27__01_20_29.json,0,15732,975719,/bin/bash /usr/local/bin/start.sh multibwa.sh /data /data/References/Broad_UMI /data/References/Broad_UMI/Human_RefSeq /data/Aligns 24 20 8,1,0,23,start.sh,58,1,298,2281472,142
1239,1572139240,2019_10_27__01_20_40.json,0,15732,975719,/bin/bash /usr/local/bin/start.sh multibwa.sh /data /data/References/Broad_UMI /data/References/Broad_UMI/Human_RefSeq /data/Aligns 24 20 8,1,0,23,start.sh,58,1,298,2281472,142
1240,1572139250,2019_10_27__01_20_50.json,0,15732,975719,/bin/bash /usr/local/bin/start.sh multibwa.sh /data /data/References/Broad_UMI /data/References/Broad_UMI/Human_RefSeq /data/Aligns 24 20 8,1,0,23,start.sh,58,1,298,2281472,142
1241,1572139260,2019_10_27__01_21_00.json,0,15732,975719,/bin/bash /usr/local/bin/start.sh multibwa.sh /data /data/References/Broad_UMI /data/References/Broad_UMI/Human_RefSeq /data/Aligns 24 20 8,1,0,23,start.sh,58,1,298,2281472,142
1242,1572139270,2019_10_27__01_21_10.json,0,15732,975719,/bin/bash /usr/local/bin/start.sh multibwa.sh /data /data/References/Broad_UMI /data/References/Broad_UMI/Human_RefSeq /data/Aligns 24 20 8,1,0,23,start.sh,58,1,298,2281472,142
1243,1572139281,2019_10_27__01_21_21.json,0,15732,975719,/bin/bash /usr/local/bin/start.sh multibwa.sh /data /data/References/Broad_UMI /data/References/Broad_UMI/Human_RefSeq /data/Aligns 24 20 8,1,0,23,start.sh,58,1,298,2281472,142
1244,1572139291,2019_10_27__01_21_31.json,0,15732,975719,/bin/bash /usr/local/bin/start.sh multibwa.sh /data /data/References/Broad_UMI /data/References/Broad_UMI/Human_RefSeq /data/Aligns 24 20 8,1,0,23,start.sh,58,1,298,2281472,142
1245,1572139301,2019_10_27__01_21_41.json,0,15732,975719,/bin/bash /usr/local/bin/start.sh multibwa.sh /data /data/References/Broad_UMI /data/References/Broad_UMI/Human_RefSeq /data/Aligns 24 20 8,1,0,23,start.sh,58,1,298,2281472,142
1246,1572139311,2019_10_27__01_21_51.json,0,15732,975719,/bin/bash /usr/local/bin/start.sh multibwa.sh /data /data/References/Broad_UMI /data/References/Broad_UMI/Human_RefSeq /data/Aligns 24 20 8,1,0,23,start.sh,58,1,298,2281472,142
1247,1572139322,2019_10_27__01_22_02.json,0,15732,975719,/bin/bash /usr/local/bin/start.sh multibwa.sh /data /data/References/Broad_UMI /data/References/Broad_UMI/Human_RefSeq /data/Aligns 24 20 8,1,0,23,start.sh,58,1,298,2281472,142
1248,1572139324,2019_10_27__01_22_04.json,0,16972,1057733,/bin/bash /usr/local/bin/start.sh multibwa.sh /data /data/References/Broad_UMI /data/References/Broad_UMI/Human_RefSeq /data/Aligns 24 20 8,1,0,23,start.sh,64,1,298,2281472,151
1249,1572139325,2019_10_27__01_22_05.json,0,16972,1057733,/bin/bash /usr/local/bin/start.sh multibwa.sh /data /data/References/Broad_UMI /data/References/Broad_UMI/Human_RefSeq /data/Aligns 24 20 8,1,0,23,start.sh,64,1,298,2281472,151
1250,1572139327,2019_10_27__01_22_07.json,0,16972,1057733,/bin/bash /usr/local/bin/start.sh multibwa.sh /data /data/References/Broad_UMI /data/References/Broad_UMI/Human_RefSeq /data/Aligns 24 20 8,1,0,23,start.sh,64,1,298,2281472,151
1251,1572139329,2019_10_27__01_22_09.json,0,16972,1057733,/bin/bash /usr/local/bin/start.sh multibwa.sh /data /data/References/Broad_UMI /data/References/Broad_UMI/Human_RefSeq /data/Aligns 24 20 8,1,0,23,start.sh,64,1,298,2281472,151
1252,1572139332,2019_10_27__01_22_12.json,0,17076,1057735,/bin/bash /usr/local/bin/start.sh multibwa.sh /data /data/References/Broad_UMI /data/References/Broad_UMI/Human_RefSeq /data/Aligns 24 20 8,2,0,23,start.sh,66,1,298,2281472,153
1253,1572139342,2019_10_27__01_22_22.json,0,17076,1057735,/bin/bash /usr/local/bin/start.sh multibwa.sh /data /data/References/Broad_UMI /data/References/Broad_UMI/Human_RefSeq /data/Aligns 24 20 8,2,0,23,start.sh,66,1,298,2281472,153
1254,1572139352,2019_10_27__01_22_32.json,0,17076,1057735,/bin/bash /usr/local/bin/start.sh multibwa.sh /data /data/References/Broad_UMI /data/References/Broad_UMI/Human_RefSeq /data/Aligns 24 20 8,2,0,23,start.sh,66,1,298,2281472,153
1255,1572139362,2019_10_27__01_22_42.json,0,17076,1057735,/bin/bash /usr/local/bin/start.sh multibwa.sh /data /data/References/Broad_UMI /data/References/Broad_UMI/Human_RefSeq /data/Aligns 24 20 8,2,0,23,start.sh,66,1,298,2281472,153
1256,1572139373,2019_10_27__01_22_53.json,0,17076,1057735,/bin/bash /usr/local/bin/start.sh multibwa.sh /data /data/References/Broad_UMI /data/References/Broad_UMI/Human_RefSeq /data/Aligns 24 20 8,2,0,23,start.sh,66,1,298,2281472,153
1257,1572139383,2019_10_27__01_23_03.json,0,17076,1057735,/bin/bash /usr/local/bin/start.sh multibwa.sh /data /data/References/Broad_UMI /data/References/Broad_UMI/Human_RefSeq /data/Aligns 24 20 8,2,0,23,start.sh,66,1,298,2281472,153
1258,1572139393,2019_10_27__01_23_13.json,0,17076,1057735,/bin/bash /usr/local/bin/start.sh multibwa.sh /data /data/References/Broad_UMI /data/References/Broad_UMI/Human_RefSeq /data/Aligns 24 20 8,2,0,23,start.sh,66,1,298,2281472,153
1259,1572139403,2019_10_27__01_23_23.json,0,17076,1057735,/bin/bash /usr/local/bin/start.sh multibwa.sh /data /data/References/Broad_UMI /data/References/Broad_UMI/Human_RefSeq /data/Aligns 24 20 8,2,0,23,start.sh,66,1,298,2281472,153
1260,1572139413,2019_10_27__01_23_33.json,0,17076,1057735,/bin/bash /usr/local/bin/start.sh multibwa.sh /data /data/References/Broad_UMI /data/References/Broad_UMI/Human_RefSeq /data/Aligns 24 20 8,2,0,23,start.sh,66,1,298,2281472,153
1261,1572139424,2019_10_27__01_23_44.json,0,17076,1057735,/bin/bash /usr/local/bin/start.sh multibwa.sh /data /data/References/Broad_UMI /data/References/Broad_UMI/Human_RefSeq /data/Aligns 24 20 8,2,0,23,start.sh,66,1,298,2281472,153
1262,1572139434,2019_10_27__01_23_54.json,0,17076,1057735,/bin/bash /usr/local/bin/start.sh multibwa.sh /data /data/References/Broad_UMI /data/References/Broad_UMI/Human_RefSeq /data/Aligns 24 20 8,2,0,23,start.sh,66,1,298,2281472,153
1263,1572139444,2019_10_27__01_24_04.json,0,17076,1057735,/bin/bash /usr/local/bin/start.sh multibwa.sh /data /data/References/Broad_UMI /data/References/Broad_UMI/Human_RefSeq /data/Aligns 24 20 8,2,0,23,start.sh,66,1,298,2281472,153
1264,1572139454,2019_10_27__01_24_14.json,0,17076,1057735,/bin/bash /usr/local/bin/start.sh multibwa.sh /data /data/References/Broad_UMI /data/References/Broad_UMI/Human_RefSeq /data/Aligns 24 20 8,2,0,23,start.sh,66,1,298,2281472,153
1265,1572139465,2019_10_27__01_24_25.json,0,17076,1057735,/bin/bash /usr/local/bin/start.sh multibwa.sh /data /data/References/Broad_UMI /data/References/Broad_UMI/Human_RefSeq /data/Aligns 24 20 8,2,0,23,start.sh,66,1,298,2281472,153
1266,1572139475,2019_10_27__01_24_35.json,0,17076,1057735,/bin/bash /usr/local/bin/start.sh multibwa.sh /data /data/References/Broad_UMI /data/References/Broad_UMI/Human_RefSeq /data/Aligns 24 20 8,2,0,23,start.sh,66,1,298,2281472,153
1267,1572139485,2019_10_27__01_24_45.json,0,17076,1057735,/bin/bash /usr/local/bin/start.sh multibwa.sh /data /data/References/Broad_UMI /data/References/Broad_UMI/Human_RefSeq /data/Aligns 24 20 8,2,0,23,start.sh,66,1,298,2281472,153
1268,1572139496,2019_10_27__01_24_56.json,0,17076,1057735,/bin/bash /usr/local/bin/start.sh multibwa.sh /data /data/References/Broad_UMI /data/References/Broad_UMI/Human_RefSeq /data/Aligns 24 20 8,2,0,23,start.sh,66,1,298,2281472,153
1269,1572139506,2019_10_27__01_25_06.json,0,17076,1057735,/bin/bash /usr/local/bin/start.sh multibwa.sh /data /data/References/Broad_UMI /data/References/Broad_UMI/Human_RefSeq /data/Aligns 24 20 8,2,0,23,start.sh,66,1,298,2281472,153
1270,1572139516,2019_10_27__01_25_16.json,0,17076,1057735,/bin/bash /usr/local/bin/start.sh multibwa.sh /data /data/References/Broad_UMI /data/References/Broad_UMI/Human_RefSeq /data/Aligns 24 20 8,2,0,23,start.sh,66,1,298,2281472,153
1271,1572139526,2019_10_27__01_25_26.json,0,17076,1057735,/bin/bash /usr/local/bin/start.sh multibwa.sh /data /data/References/Broad_UMI /data/References/Broad_UMI/Human_RefSeq /data/Aligns 24 20 8,2,0,23,start.sh,66,1,298,2281472,153
1272,1572139532,2019_10_27__01_25_32.json,0,17076,1057735,/bin/bash /usr/local/bin/start.sh multibwa.sh /data /data/References/Broad_UMI /data/References/Broad_UMI/Human_RefSeq /data/Aligns 24 20 8,2,0,23,start.sh,66,1,298,2281472,153
1273,1572139534,2019_10_27__01_25_34.json,0,17076,1057735,/bin/bash /usr/local/bin/start.sh multibwa.sh /data /data/References/Broad_UMI /data/References/Broad_UMI/Human_RefSeq /data/Aligns 24 20 8,2,0,23,start.sh,66,1,298,2281472,153
1274,1572139538,2019_10_27__01_25_38.json,0,17076,1057735,/bin/bash /usr/local/bin/start.sh multibwa.sh /data /data/References/Broad_UMI /data/References/Broad_UMI/Human_RefSeq /data/Aligns 24 20 8,2,0,23,start.sh,66,1,298,2281472,153
1275,1572139540,2019_10_27__01_25_40.json,0,17076,1057735,/bin/bash /usr/local/bin/start.sh multibwa.sh /data /data/References/Broad_UMI /data/References/Broad_UMI/Human_RefSeq /data/Aligns 24 20 8,2,0,23,start.sh,66,1,298,2281472,153
1276,1572139542,2019_10_27__01_25_42.json,0,17076,1057735,/bin/bash /usr/local/bin/start.sh multibwa.sh /data /data/References/Broad_UMI /data/References/Broad_UMI/Human_RefSeq /data/Aligns 24 20 8,2,0,23,start.sh,66,1,298,2281472,153
1277,1572139544,2019_10_27__01_25_44.json,0,17076,1057735,/bin/bash /usr/local/bin/start.sh multibwa.sh /data /data/References/Broad_UMI /data/References/Broad_UMI/Human_RefSeq /data/Aligns 24 20 8,2,0,23,start.sh,66,1,298,2281472,153
1278,1572139546,2019_10_27__01_25_46.json,0,17076,1057735,/bin/bash /usr/local/bin/start.sh multibwa.sh /data /data/References/Broad_UMI /data/References/Broad_UMI/Human_RefSeq /data/Aligns 24 20 8,2,0,23,start.sh,66,1,298,2281472,153
1279,1572139548,2019_10_27__01_25_48.json,0,17076,1057735,/bin/bash /usr/local/bin/start.sh multibwa.sh /data /data/References/Broad_UMI /data/References/Broad_UMI/Human_RefSeq /data/Aligns 24 20 8,2,0,23,start.sh,66,1,298,2281472,153
1280,1572139550,2019_10_27__01_25_50.json,0,17076,1057735,/bin/bash /usr/local/bin/start.sh multibwa.sh /data /data/References/Broad_UMI /data/References/Broad_UMI/Human_RefSeq /data/Aligns 24 20 8,2,0,23,start.sh,66,1,298,2281472,153
1281,1572139551,2019_10_27__01_25_51.json,0,17076,1057735,/bin/bash /usr/local/bin/start.sh multibwa.sh /data /data/References/Broad_UMI /data/References/Broad_UMI/Human_RefSeq /data/Aligns 24 20 8,2,0,23,start.sh,66,1,298,2281472,153
1282,1572139555,2019_10_27__01_25_55.json,0,17076,1057735,/bin/bash /usr/local/bin/start.sh multibwa.sh /data /data/References/Broad_UMI /data/References/Broad_UMI/Human_RefSeq /data/Aligns 24 20 8,2,0,23,start.sh,66,1,298,2281472,153
1283,1572139557,2019_10_27__01_25_57.json,0,17076,1057735,/bin/bash /usr/local/bin/start.sh multibwa.sh /data /data/References/Broad_UMI /data/References/Broad_UMI/Human_RefSeq /data/Aligns 24 20 8,2,0,23,start.sh,66,1,298,2281472,153
1284,1572139559,2019_10_27__01_25_59.json,0,17076,1057735,/bin/bash /usr/local/bin/start.sh multibwa.sh /data /data/References/Broad_UMI /data/References/Broad_UMI/Human_RefSeq /data/Aligns 24 20 8,2,0,23,start.sh,66,1,298,2281472,153
1285,1572139560,2019_10_27__01_26_00.json,0,17076,1057735,/bin/bash /usr/local/bin/start.sh multibwa.sh /data /data/References/Broad_UMI /data/References/Broad_UMI/Human_RefSeq /data/Aligns 24 20 8,2,0,23,start.sh,66,1,298,2281472,153
1286,1572139562,2019_10_27__01_26_02.json,0,17076,1057735,/bin/bash /usr/local/bin/start.sh multibwa.sh /data /data/References/Broad_UMI /data/References/Broad_UMI/Human_RefSeq /data/Aligns 24 20 8,2,0,23,start.sh,66,1,298,2281472,153
1287,1572139564,2019_10_27__01_26_04.json,0,17076,1057735,/bin/bash /usr/local/bin/start.sh multibwa.sh /data /data/References/Broad_UMI /data/References/Broad_UMI/Human_RefSeq /data/Aligns 24 20 8,2,0,23,start.sh,66,1,298,2281472,153
1288,1572139565,2019_10_27__01_26_05.json,0,17076,1057735,/bin/bash /usr/local/bin/start.sh multibwa.sh /data /data/References/Broad_UMI /data/References/Broad_UMI/Human_RefSeq /data/Aligns 24 20 8,2,0,23,start.sh,66,1,298,2281472,153
1289,1572139567,2019_10_27__01_26_07.json,0,17076,1057735,/bin/bash /usr/local/bin/start.sh multibwa.sh /data /data/References/Broad_UMI /data/References/Broad_UMI/Human_RefSeq /data/Aligns 24 20 8,2,0,23,start.sh,66,1,298,2281472,153
1290,1572139570,2019_10_27__01_26_10.json,0,17076,1057735,/bin/bash /usr/local/bin/start.sh multibwa.sh /data /data/References/Broad_UMI /data/References/Broad_UMI/Human_RefSeq /data/Aligns 24 20 8,2,0,23,start.sh,66,1,298,2281472,153
1291,1572139579,2019_10_27__01_26_19.json,0,17076,1057735,/bin/bash /usr/local/bin/start.sh multibwa.sh /data /data/References/Broad_UMI /data/References/Broad_UMI/Human_RefSeq /data/Aligns 24 20 8,2,0,23,start.sh,66,1,298,2281472,153
1292,1572139588,2019_10_27__01_26_28.json,0,17076,1057735,/bin/bash /usr/local/bin/start.sh multibwa.sh /data /data/References/Broad_UMI /data/References/Broad_UMI/Human_RefSeq /data/Aligns 24 20 8,2,0,23,start.sh,66,1,298,2281472,153
1293,1572139590,2019_10_27__01_26_30.json,0,17076,1057735,/bin/bash /usr/local/bin/start.sh multibwa.sh /data /data/References/Broad_UMI /data/References/Broad_UMI/Human_RefSeq /data/Aligns 24 20 8,2,0,23,start.sh,66,1,298,2281472,153
1294,1572139601,2019_10_27__01_26_40.json,0,17076,1057735,/bin/bash /usr/local/bin/start.sh multibwa.sh /data /data/References/Broad_UMI /data/References/Broad_UMI/Human_RefSeq /data/Aligns 24 20 8,2,0,23,start.sh,66,1,298,2281472,153
1295,1572139611,2019_10_27__01_26_51.json,0,17076,1057735,/bin/bash /usr/local/bin/start.sh multibwa.sh /data /data/References/Broad_UMI /data/References/Broad_UMI/Human_RefSeq /data/Aligns 24 20 8,2,0,23,start.sh,66,1,298,2281472,153
1296,1572139621,2019_10_27__01_27_01.json,0,17076,1057735,/bin/bash /usr/local/bin/start.sh multibwa.sh /data /data/References/Broad_UMI /data/References/Broad_UMI/Human_RefSeq /data/Aligns 24 20 8,2,0,23,start.sh,66,1,298,2281472,153
1297,1572139631,2019_10_27__01_27_11.json,0,17076,1057735,/bin/bash /usr/local/bin/start.sh multibwa.sh /data /data/References/Broad_UMI /data/References/Broad_UMI/Human_RefSeq /data/Aligns 24 20 8,2,0,23,start.sh,66,1,298,2281472,153
1298,1572139642,2019_10_27__01_27_21.json,0,17076,1057735,/bin/bash /usr/local/bin/start.sh multibwa.sh /data /data/References/Broad_UMI /data/References/Broad_UMI/Human_RefSeq /data/Aligns 24 20 8,2,0,23,start.sh,66,1,298,2281472,153
1299,1572139652,2019_10_27__01_27_32.json,0,17076,1057735,/bin/bash /usr/local/bin/start.sh multibwa.sh /data /data/References/Broad_UMI /data/References/Broad_UMI/Human_RefSeq /data/Aligns 24 20 8,2,0,23,start.sh,66,1,298,2281472,153
1300,1572139662,2019_10_27__01_27_42.json,0,17076,1057735,/bin/bash /usr/local/bin/start.sh multibwa.sh /data /data/References/Broad_UMI /data/References/Broad_UMI/Human_RefSeq /data/Aligns 24 20 8,2,0,23,start.sh,66,1,298,2281472,153
1301,1572139672,2019_10_27__01_27_52.json,0,17076,1057735,/bin/bash /usr/local/bin/start.sh multibwa.sh /data /data/References/Broad_UMI /data/References/Broad_UMI/Human_RefSeq /data/Aligns 24 20 8,2,0,23,start.sh,66,1,298,2281472,153
1302,1572139682,2019_10_27__01_28_02.json,0,17076,1057735,/bin/bash /usr/local/bin/start.sh multibwa.sh /data /data/References/Broad_UMI /data/References/Broad_UMI/Human_RefSeq /data/Aligns 24 20 8,2,0,23,start.sh,66,1,298,2281472,153
1303,1572139693,2019_10_27__01_28_13.json,0,17076,1057735,/bin/bash /usr/local/bin/start.sh multibwa.sh /data /data/References/Broad_UMI /data/References/Broad_UMI/Human_RefSeq /data/Aligns 24 20 8,2,0,23,start.sh,66,1,298,2281472,153
1304,1572139703,2019_10_27__01_28_23.json,0,17076,1057735,/bin/bash /usr/local/bin/start.sh multibwa.sh /data /data/References/Broad_UMI /data/References/Broad_UMI/Human_RefSeq /data/Aligns 24 20 8,2,0,23,start.sh,66,1,298,2281472,153
1305,1572139713,2019_10_27__01_28_33.json,0,17076,1057735,/bin/bash /usr/local/bin/start.sh multibwa.sh /data /data/References/Broad_UMI /data/References/Broad_UMI/Human_RefSeq /data/Aligns 24 20 8,2,0,23,start.sh,66,1,298,2281472,153
1306,1572139723,2019_10_27__01_28_43.json,0,17076,1057735,/bin/bash /usr/local/bin/start.sh multibwa.sh /data /data/References/Broad_UMI /data/References/Broad_UMI/Human_RefSeq /data/Aligns 24 20 8,2,0,23,start.sh,66,1,298,2281472,153
1307,1572139733,2019_10_27__01_28_53.json,0,17076,1057735,/bin/bash /usr/local/bin/start.sh multibwa.sh /data /data/References/Broad_UMI /data/References/Broad_UMI/Human_RefSeq /data/Aligns 24 20 8,2,0,23,start.sh,66,1,298,2281472,153
1308,1572139743,2019_10_27__01_29_03.json,0,17076,1057735,/bin/bash /usr/local/bin/start.sh multibwa.sh /data /data/References/Broad_UMI /data/References/Broad_UMI/Human_RefSeq /data/Aligns 24 20 8,2,0,23,start.sh,66,1,298,2281472,153
1309,1572139753,2019_10_27__01_29_13.json,0,17076,1057735,/bin/bash /usr/local/bin/start.sh multibwa.sh /data /data/References/Broad_UMI /data/References/Broad_UMI/Human_RefSeq /data/Aligns 24 20 8,2,0,23,start.sh,66,1,298,2281472,153
1310,1572139764,2019_10_27__01_29_24.json,0,17076,1057735,/bin/bash /usr/local/bin/start.sh multibwa.sh /data /data/References/Broad_UMI /data/References/Broad_UMI/Human_RefSeq /data/Aligns 24 20 8,2,0,23,start.sh,66,1,298,2281472,153
1311,1572139774,2019_10_27__01_29_34.json,0,17076,1057735,/bin/bash /usr/local/bin/start.sh multibwa.sh /data /data/References/Broad_UMI /data/References/Broad_UMI/Human_RefSeq /data/Aligns 24 20 8,2,0,23,start.sh,66,1,298,2281472,153
1312,1572139784,2019_10_27__01_29_44.json,0,17076,1057735,/bin/bash /usr/local/bin/start.sh multibwa.sh /data /data/References/Broad_UMI /data/References/Broad_UMI/Human_RefSeq /data/Aligns 24 20 8,2,0,23,start.sh,66,1,298,2281472,153
1313,1572139794,2019_10_27__01_29_54.json,0,17076,1057735,/bin/bash /usr/local/bin/start.sh multibwa.sh /data /data/References/Broad_UMI /data/References/Broad_UMI/Human_RefSeq /data/Aligns 24 20 8,2,0,23,start.sh,66,1,298,2281472,153
1314,1572139804,2019_10_27__01_30_04.json,0,17076,1057735,/bin/bash /usr/local/bin/start.sh multibwa.sh /data /data/References/Broad_UMI /data/References/Broad_UMI/Human_RefSeq /data/Aligns 24 20 8,2,0,23,start.sh,66,1,298,2281472,153
1315,1572139814,2019_10_27__01_30_14.json,0,17076,1057735,/bin/bash /usr/local/bin/start.sh multibwa.sh /data /data/References/Broad_UMI /data/References/Broad_UMI/Human_RefSeq /data/Aligns 24 20 8,2,0,23,start.sh,66,1,298,2281472,153
1316,1572139825,2019_10_27__01_30_25.json,0,17076,1057735,/bin/bash /usr/local/bin/start.sh multibwa.sh /data /data/References/Broad_UMI /data/References/Broad_UMI/Human_RefSeq /data/Aligns 24 20 8,2,0,23,start.sh,66,1,298,2281472,153
1317,1572139835,2019_10_27__01_30_35.json,0,17076,1057735,/bin/bash /usr/local/bin/start.sh multibwa.sh /data /data/References/Broad_UMI /data/References/Broad_UMI/Human_RefSeq /data/Aligns 24 20 8,2,0,23,start.sh,66,1,298,2281472,153
1318,1572139845,2019_10_27__01_30_45.json,0,17076,1057735,/bin/bash /usr/local/bin/start.sh multibwa.sh /data /data/References/Broad_UMI /data/References/Broad_UMI/Human_RefSeq /data/Aligns 24 20 8,2,0,23,start.sh,66,1,298,2281472,153
1319,1572139847,2019_10_27__01_30_47.json,0,17076,1057735,/bin/bash /usr/local/bin/start.sh multibwa.sh /data /data/References/Broad_UMI /data/References/Broad_UMI/Human_RefSeq /data/Aligns 24 20 8,2,0,23,start.sh,66,1,298,2281472,153
1320,1572139849,2019_10_27__01_30_49.json,0,17076,1057735,/bin/bash /usr/local/bin/start.sh multibwa.sh /data /data/References/Broad_UMI /data/References/Broad_UMI/Human_RefSeq /data/Aligns 24 20 8,2,0,23,start.sh,66,1,298,2281472,153
1321,1572139851,2019_10_27__01_30_51.json,0,17076,1057735,/bin/bash /usr/local/bin/start.sh multibwa.sh /data /data/References/Broad_UMI /data/References/Broad_UMI/Human_RefSeq /data/Aligns 24 20 8,2,0,23,start.sh,66,1,298,2281472,153
1322,1572139861,2019_10_27__01_31_01.json,0,17076,1057735,/bin/bash /usr/local/bin/start.sh multibwa.sh /data /data/References/Broad_UMI /data/References/Broad_UMI/Human_RefSeq /data/Aligns 24 20 8,2,0,23,start.sh,66,1,298,2281472,153
1323,1572139871,2019_10_27__01_31_11.json,0,17076,1057735,/bin/bash /usr/local/bin/start.sh multibwa.sh /data /data/References/Broad_UMI /data/References/Broad_UMI/Human_RefSeq /data/Aligns 24 20 8,2,0,23,start.sh,66,1,298,2281472,153
1324,1572139881,2019_10_27__01_31_21.json,0,17076,1057735,/bin/bash /usr/local/bin/start.sh multibwa.sh /data /data/References/Broad_UMI /data/References/Broad_UMI/Human_RefSeq /data/Aligns 24 20 8,2,0,23,start.sh,66,1,298,2281472,153
1325,1572139887,2019_10_27__01_31_27.json,0,17076,1057735,/bin/bash /usr/local/bin/start.sh multibwa.sh /data /data/References/Broad_UMI /data/References/Broad_UMI/Human_RefSeq /data/Aligns 24 20 8,2,0,23,start.sh,66,1,298,2281472,153
1326,1572139893,2019_10_27__01_31_33.json,0,17076,1057735,/bin/bash /usr/local/bin/start.sh multibwa.sh /data /data/References/Broad_UMI /data/References/Broad_UMI/Human_RefSeq /data/Aligns 24 20 8,2,0,23,start.sh,66,1,298,2281472,153
1327,1572139903,2019_10_27__01_31_43.json,0,17076,1057735,/bin/bash /usr/local/bin/start.sh multibwa.sh /data /data/References/Broad_UMI /data/References/Broad_UMI/Human_RefSeq /data/Aligns 24 20 8,2,0,23,start.sh,66,1,298,2281472,153
1328,1572139913,2019_10_27__01_31_53.json,0,17076,1057735,/bin/bash /usr/local/bin/start.sh multibwa.sh /data /data/References/Broad_UMI /data/References/Broad_UMI/Human_RefSeq /data/Aligns 24 20 8,2,0,23,start.sh,66,1,298,2281472,153
1329,1572139924,2019_10_27__01_32_04.json,0,17076,1057735,/bin/bash /usr/local/bin/start.sh multibwa.sh /data /data/References/Broad_UMI /data/References/Broad_UMI/Human_RefSeq /data/Aligns 24 20 8,2,0,23,start.sh,66,1,298,2281472,153
1330,1572139927,2019_10_27__01_32_07.json,0,17076,1057735,/bin/bash /usr/local/bin/start.sh multibwa.sh /data /data/References/Broad_UMI /data/References/Broad_UMI/Human_RefSeq /data/Aligns 24 20 8,2,0,23,start.sh,66,1,298,2281472,153
1331,1572139936,2019_10_27__01_32_16.json,0,17076,1057735,/bin/bash /usr/local/bin/start.sh multibwa.sh /data /data/References/Broad_UMI /data/References/Broad_UMI/Human_RefSeq /data/Aligns 24 20 8,2,0,23,start.sh,66,1,298,2281472,153
1332,1572139946,2019_10_27__01_32_26.json,0,17076,1057735,/bin/bash /usr/local/bin/start.sh multibwa.sh /data /data/References/Broad_UMI /data/References/Broad_UMI/Human_RefSeq /data/Aligns 24 20 8,2,0,23,start.sh,66,1,298,2281472,153
1333,1572139956,2019_10_27__01_32_36.json,0,17076,1057735,/bin/bash /usr/local/bin/start.sh multibwa.sh /data /data/References/Broad_UMI /data/References/Broad_UMI/Human_RefSeq /data/Aligns 24 20 8,2,0,23,start.sh,66,1,298,2281472,153
1334,1572139966,2019_10_27__01_32_46.json,0,17076,1057735,/bin/bash /usr/local/bin/start.sh multibwa.sh /data /data/References/Broad_UMI /data/References/Broad_UMI/Human_RefSeq /data/Aligns 24 20 8,2,0,23,start.sh,66,1,298,2281472,153
1335,1572139977,2019_10_27__01_32_56.json,0,17076,1057735,/bin/bash /usr/local/bin/start.sh multibwa.sh /data /data/References/Broad_UMI /data/References/Broad_UMI/Human_RefSeq /data/Aligns 24 20 8,2,0,23,start.sh,66,1,298,2281472,153
1336,1572139987,2019_10_27__01_33_07.json,0,17076,1057735,/bin/bash /usr/local/bin/start.sh multibwa.sh /data /data/References/Broad_UMI /data/References/Broad_UMI/Human_RefSeq /data/Aligns 24 20 8,2,0,23,start.sh,66,1,298,2281472,153
1337,1572139997,2019_10_27__01_33_17.json,0,17076,1057735,/bin/bash /usr/local/bin/start.sh multibwa.sh /data /data/References/Broad_UMI /data/References/Broad_UMI/Human_RefSeq /data/Aligns 24 20 8,2,0,23,start.sh,66,1,298,2281472,153
1338,1572140007,2019_10_27__01_33_27.json,0,17076,1057735,/bin/bash /usr/local/bin/start.sh multibwa.sh /data /data/References/Broad_UMI /data/References/Broad_UMI/Human_RefSeq /data/Aligns 24 20 8,2,0,23,start.sh,66,1,298,2281472,153
1339,1572140017,2019_10_27__01_33_37.json,0,17076,1057735,/bin/bash /usr/local/bin/start.sh multibwa.sh /data /data/References/Broad_UMI /data/References/Broad_UMI/Human_RefSeq /data/Aligns 24 20 8,2,0,23,start.sh,66,1,298,2281472,153
1340,1572140028,2019_10_27__01_33_48.json,0,17076,1057735,/bin/bash /usr/local/bin/start.sh multibwa.sh /data /data/References/Broad_UMI /data/References/Broad_UMI/Human_RefSeq /data/Aligns 24 20 8,2,0,23,start.sh,66,1,298,2281472,153
1341,1572140037,2019_10_27__01_33_57.json,0,17076,1057735,/bin/bash /usr/local/bin/start.sh multibwa.sh /data /data/References/Broad_UMI /data/References/Broad_UMI/Human_RefSeq /data/Aligns 24 20 8,2,0,23,start.sh,66,1,298,2281472,153
1342,1572140048,2019_10_27__01_34_08.json,0,17076,1057735,/bin/bash /usr/local/bin/start.sh multibwa.sh /data /data/References/Broad_UMI /data/References/Broad_UMI/Human_RefSeq /data/Aligns 24 20 8,2,0,23,start.sh,66,1,298,2281472,153
1343,1572140058,2019_10_27__01_34_18.json,0,17076,1057735,/bin/bash /usr/local/bin/start.sh multibwa.sh /data /data/References/Broad_UMI /data/References/Broad_UMI/Human_RefSeq /data/Aligns 24 20 8,2,0,23,start.sh,66,1,298,2281472,153
1344,1572140068,2019_10_27__01_34_28.json,0,17076,1057735,/bin/bash /usr/local/bin/start.sh multibwa.sh /data /data/References/Broad_UMI /data/References/Broad_UMI/Human_RefSeq /data/Aligns 24 20 8,2,0,23,start.sh,66,1,298,2281472,153
1345,1572140079,2019_10_27__01_34_39.json,0,17076,1057735,/bin/bash /usr/local/bin/start.sh multibwa.sh /data /data/References/Broad_UMI /data/References/Broad_UMI/Human_RefSeq /data/Aligns 24 20 8,2,0,23,start.sh,66,1,298,2281472,153
1346,1572140087,2019_10_27__01_34_47.json,0,17076,1057735,/bin/bash /usr/local/bin/start.sh multibwa.sh /data /data/References/Broad_UMI /data/References/Broad_UMI/Human_RefSeq /data/Aligns 24 20 8,2,0,23,start.sh,66,1,298,2281472,153
1347,1572140097,2019_10_27__01_34_57.json,0,17076,1057735,/bin/bash /usr/local/bin/start.sh multibwa.sh /data /data/References/Broad_UMI /data/References/Broad_UMI/Human_RefSeq /data/Aligns 24 20 8,2,0,23,start.sh,66,1,298,2281472,153
1348,1572140108,2019_10_27__01_35_08.json,0,17076,1057735,/bin/bash /usr/local/bin/start.sh multibwa.sh /data /data/References/Broad_UMI /data/References/Broad_UMI/Human_RefSeq /data/Aligns 24 20 8,2,0,23,start.sh,66,1,298,2281472,153
1349,1572140118,2019_10_27__01_35_18.json,0,17076,1057735,/bin/bash /usr/local/bin/start.sh multibwa.sh /data /data/References/Broad_UMI /data/References/Broad_UMI/Human_RefSeq /data/Aligns 24 20 8,2,0,23,start.sh,66,1,298,2281472,153
1350,1572140128,2019_10_27__01_35_28.json,0,17076,1057735,/bin/bash /usr/local/bin/start.sh multibwa.sh /data /data/References/Broad_UMI /data/References/Broad_UMI/Human_RefSeq /data/Aligns 24 20 8,2,0,23,start.sh,66,1,298,2281472,153
1351,1572140138,2019_10_27__01_35_38.json,0,17076,1057735,/bin/bash /usr/local/bin/start.sh multibwa.sh /data /data/References/Broad_UMI /data/References/Broad_UMI/Human_RefSeq /data/Aligns 24 20 8,2,0,23,start.sh,66,1,298,2281472,153
1352,1572140149,2019_10_27__01_35_49.json,0,17076,1057735,/bin/bash /usr/local/bin/start.sh multibwa.sh /data /data/References/Broad_UMI /data/References/Broad_UMI/Human_RefSeq /data/Aligns 24 20 8,2,0,23,start.sh,66,1,298,2281472,153
1353,1572140159,2019_10_27__01_35_59.json,0,17076,1057735,/bin/bash /usr/local/bin/start.sh multibwa.sh /data /data/References/Broad_UMI /data/References/Broad_UMI/Human_RefSeq /data/Aligns 24 20 8,2,0,23,start.sh,66,1,298,2281472,153
1354,1572140169,2019_10_27__01_36_09.json,0,17076,1057735,/bin/bash /usr/local/bin/start.sh multibwa.sh /data /data/References/Broad_UMI /data/References/Broad_UMI/Human_RefSeq /data/Aligns 24 20 8,2,0,23,start.sh,66,1,298,2281472,153
1355,1572140179,2019_10_27__01_36_19.json,0,17076,1057735,/bin/bash /usr/local/bin/start.sh multibwa.sh /data /data/References/Broad_UMI /data/References/Broad_UMI/Human_RefSeq /data/Aligns 24 20 8,2,0,23,start.sh,66,1,298,2281472,153
1356,1572140189,2019_10_27__01_36_29.json,0,17076,1057735,/bin/bash /usr/local/bin/start.sh multibwa.sh /data /data/References/Broad_UMI /data/References/Broad_UMI/Human_RefSeq /data/Aligns 24 20 8,2,0,23,start.sh,66,1,298,2281472,153
1357,1572140200,2019_10_27__01_36_40.json,0,17076,1057735,/bin/bash /usr/local/bin/start.sh multibwa.sh /data /data/References/Broad_UMI /data/References/Broad_UMI/Human_RefSeq /data/Aligns 24 20 8,2,0,23,start.sh,66,1,298,2281472,153
1358,1572140210,2019_10_27__01_36_50.json,0,17076,1057735,/bin/bash /usr/local/bin/start.sh multibwa.sh /data /data/References/Broad_UMI /data/References/Broad_UMI/Human_RefSeq /data/Aligns 24 20 8,2,0,23,start.sh,66,1,298,2281472,153
1359,1572140220,2019_10_27__01_37_00.json,0,17076,1057735,/bin/bash /usr/local/bin/start.sh multibwa.sh /data /data/References/Broad_UMI /data/References/Broad_UMI/Human_RefSeq /data/Aligns 24 20 8,2,0,23,start.sh,66,1,298,2281472,153
1360,1572140230,2019_10_27__01_37_10.json,0,17076,1057735,/bin/bash /usr/local/bin/start.sh multibwa.sh /data /data/References/Broad_UMI /data/References/Broad_UMI/Human_RefSeq /data/Aligns 24 20 8,2,0,23,start.sh,66,1,298,2281472,153
1361,1572140240,2019_10_27__01_37_20.json,0,17076,1057735,/bin/bash /usr/local/bin/start.sh multibwa.sh /data /data/References/Broad_UMI /data/References/Broad_UMI/Human_RefSeq /data/Aligns 24 20 8,2,0,23,start.sh,66,1,298,2281472,153
1362,1572140250,2019_10_27__01_37_30.json,0,17076,1057735,/bin/bash /usr/local/bin/start.sh multibwa.sh /data /data/References/Broad_UMI /data/References/Broad_UMI/Human_RefSeq /data/Aligns 24 20 8,2,0,23,start.sh,66,1,298,2281472,153
1363,1572140260,2019_10_27__01_37_40.json,0,17076,1057735,/bin/bash /usr/local/bin/start.sh multibwa.sh /data /data/References/Broad_UMI /data/References/Broad_UMI/Human_RefSeq /data/Aligns 24 20 8,2,0,23,start.sh,66,1,298,2281472,153
1364,1572140271,2019_10_27__01_37_51.json,0,17076,1057735,/bin/bash /usr/local/bin/start.sh multibwa.sh /data /data/References/Broad_UMI /data/References/Broad_UMI/Human_RefSeq /data/Aligns 24 20 8,2,0,23,start.sh,66,1,298,2281472,153
1365,1572140281,2019_10_27__01_38_01.json,0,17076,1057735,/bin/bash /usr/local/bin/start.sh multibwa.sh /data /data/References/Broad_UMI /data/References/Broad_UMI/Human_RefSeq /data/Aligns 24 20 8,2,0,23,start.sh,66,1,298,2281472,153
1366,1572140291,2019_10_27__01_38_11.json,0,17076,1057735,/bin/bash /usr/local/bin/start.sh multibwa.sh /data /data/References/Broad_UMI /data/References/Broad_UMI/Human_RefSeq /data/Aligns 24 20 8,2,0,23,start.sh,66,1,298,2281472,153
1367,1572140301,2019_10_27__01_38_21.json,0,17076,1057735,/bin/bash /usr/local/bin/start.sh multibwa.sh /data /data/References/Broad_UMI /data/References/Broad_UMI/Human_RefSeq /data/Aligns 24 20 8,2,0,23,start.sh,66,1,298,2281472,153
1368,1572140312,2019_10_27__01_38_32.json,0,17076,1057735,/bin/bash /usr/local/bin/start.sh multibwa.sh /data /data/References/Broad_UMI /data/References/Broad_UMI/Human_RefSeq /data/Aligns 24 20 8,2,0,23,start.sh,66,1,298,2281472,153
1369,1572140322,2019_10_27__01_38_42.json,0,17076,1057735,/bin/bash /usr/local/bin/start.sh multibwa.sh /data /data/References/Broad_UMI /data/References/Broad_UMI/Human_RefSeq /data/Aligns 24 20 8,2,0,23,start.sh,66,1,298,2281472,153
1370,1572140332,2019_10_27__01_38_52.json,0,17076,1057735,/bin/bash /usr/local/bin/start.sh multibwa.sh /data /data/References/Broad_UMI /data/References/Broad_UMI/Human_RefSeq /data/Aligns 24 20 8,2,0,23,start.sh,66,1,298,2281472,153
1371,1572140343,2019_10_27__01_39_03.json,0,17076,1057735,/bin/bash /usr/local/bin/start.sh multibwa.sh /data /data/References/Broad_UMI /data/References/Broad_UMI/Human_RefSeq /data/Aligns 24 20 8,2,0,23,start.sh,66,1,298,2281472,153
1372,1572140353,2019_10_27__01_39_13.json,0,17076,1057735,/bin/bash /usr/local/bin/start.sh multibwa.sh /data /data/References/Broad_UMI /data/References/Broad_UMI/Human_RefSeq /data/Aligns 24 20 8,2,0,23,start.sh,66,1,298,2281472,153
1373,1572140363,2019_10_27__01_39_23.json,0,17076,1057735,/bin/bash /usr/local/bin/start.sh multibwa.sh /data /data/References/Broad_UMI /data/References/Broad_UMI/Human_RefSeq /data/Aligns 24 20 8,2,0,23,start.sh,66,1,298,2281472,153
1374,1572140374,2019_10_27__01_39_33.json,0,17076,1057735,/bin/bash /usr/local/bin/start.sh multibwa.sh /data /data/References/Broad_UMI /data/References/Broad_UMI/Human_RefSeq /data/Aligns 24 20 8,2,0,23,start.sh,66,1,298,2281472,153
1375,1572140384,2019_10_27__01_39_44.json,0,17076,1057735,/bin/bash /usr/local/bin/start.sh multibwa.sh /data /data/References/Broad_UMI /data/References/Broad_UMI/Human_RefSeq /data/Aligns 24 20 8,2,0,23,start.sh,66,1,298,2281472,153
1376,1572140394,2019_10_27__01_39_54.json,0,17076,1057735,/bin/bash /usr/local/bin/start.sh multibwa.sh /data /data/References/Broad_UMI /data/References/Broad_UMI/Human_RefSeq /data/Aligns 24 20 8,2,0,23,start.sh,66,1,298,2281472,153
1377,1572140404,2019_10_27__01_40_04.json,0,17076,1057735,/bin/bash /usr/local/bin/start.sh multibwa.sh /data /data/References/Broad_UMI /data/References/Broad_UMI/Human_RefSeq /data/Aligns 24 20 8,2,0,23,start.sh,66,1,298,2281472,153
1378,1572140414,2019_10_27__01_40_14.json,0,17076,1057735,/bin/bash /usr/local/bin/start.sh multibwa.sh /data /data/References/Broad_UMI /data/References/Broad_UMI/Human_RefSeq /data/Aligns 24 20 8,2,0,23,start.sh,66,1,298,2281472,153
1379,1572140425,2019_10_27__01_40_25.json,0,17076,1057735,/bin/bash /usr/local/bin/start.sh multibwa.sh /data /data/References/Broad_UMI /data/References/Broad_UMI/Human_RefSeq /data/Aligns 24 20 8,2,0,23,start.sh,66,1,298,2281472,153
1380,1572140435,2019_10_27__01_40_35.json,0,17076,1057735,/bin/bash /usr/local/bin/start.sh multibwa.sh /data /data/References/Broad_UMI /data/References/Broad_UMI/Human_RefSeq /data/Aligns 24 20 8,2,0,23,start.sh,66,1,298,2281472,153
1381,1572140443,2019_10_27__01_40_43.json,0,18828,1165791,/bin/bash /usr/local/bin/start.sh multibwa.sh /data /data/References/Broad_UMI /data/References/Broad_UMI/Human_RefSeq /data/Aligns 24 20 8,2,0,23,start.sh,72,1,298,2281472,164
1382,1572140452,2019_10_27__01_40_52.json,0,18828,1165791,/bin/bash /usr/local/bin/start.sh multibwa.sh /data /data/References/Broad_UMI /data/References/Broad_UMI/Human_RefSeq /data/Aligns 24 20 8,2,0,23,start.sh,72,1,298,2281472,164
1383,1572140462,2019_10_27__01_41_02.json,0,18828,1165791,/bin/bash /usr/local/bin/start.sh multibwa.sh /data /data/References/Broad_UMI /data/References/Broad_UMI/Human_RefSeq /data/Aligns 24 20 8,2,0,23,start.sh,72,1,298,2281472,164
1384,1572140472,2019_10_27__01_41_12.json,0,18828,1165791,/bin/bash /usr/local/bin/start.sh multibwa.sh /data /data/References/Broad_UMI /data/References/Broad_UMI/Human_RefSeq /data/Aligns 24 20 8,2,0,23,start.sh,72,1,298,2281472,164
1385,1572140483,2019_10_27__01_41_23.json,0,18828,1165791,/bin/bash /usr/local/bin/start.sh multibwa.sh /data /data/References/Broad_UMI /data/References/Broad_UMI/Human_RefSeq /data/Aligns 24 20 8,2,0,23,start.sh,72,1,298,2281472,164
1386,1572140493,2019_10_27__01_41_33.json,0,18828,1165791,/bin/bash /usr/local/bin/start.sh multibwa.sh /data /data/References/Broad_UMI /data/References/Broad_UMI/Human_RefSeq /data/Aligns 24 20 8,2,0,23,start.sh,72,1,298,2281472,164
1387,1572140503,2019_10_27__01_41_43.json,0,18828,1165791,/bin/bash /usr/local/bin/start.sh multibwa.sh /data /data/References/Broad_UMI /data/References/Broad_UMI/Human_RefSeq /data/Aligns 24 20 8,2,0,23,start.sh,72,1,298,2281472,164
1388,1572140511,2019_10_27__01_41_51.json,0,18828,1165791,/bin/bash /usr/local/bin/start.sh multibwa.sh /data /data/References/Broad_UMI /data/References/Broad_UMI/Human_RefSeq /data/Aligns 24 20 8,2,0,23,start.sh,72,1,298,2281472,164
1389,1572140512,2019_10_27__01_41_52.json,0,18828,1165791,/bin/bash /usr/local/bin/start.sh multibwa.sh /data /data/References/Broad_UMI /data/References/Broad_UMI/Human_RefSeq /data/Aligns 24 20 8,2,0,23,start.sh,72,1,298,2281472,164
1390,1572140514,2019_10_27__01_41_54.json,0,18828,1165791,/bin/bash /usr/local/bin/start.sh multibwa.sh /data /data/References/Broad_UMI /data/References/Broad_UMI/Human_RefSeq /data/Aligns 24 20 8,2,0,23,start.sh,72,1,298,2281472,164
1391,1572140515,2019_10_27__01_41_55.json,0,18828,1165791,/bin/bash /usr/local/bin/start.sh multibwa.sh /data /data/References/Broad_UMI /data/References/Broad_UMI/Human_RefSeq /data/Aligns 24 20 8,2,0,23,start.sh,72,1,298,2281472,164
1392,1572140517,2019_10_27__01_41_57.json,0,18828,1165791,/bin/bash /usr/local/bin/start.sh multibwa.sh /data /data/References/Broad_UMI /data/References/Broad_UMI/Human_RefSeq /data/Aligns 24 20 8,2,0,23,start.sh,72,1,298,2281472,164
1393,1572140518,2019_10_27__01_41_58.json,0,18828,1165791,/bin/bash /usr/local/bin/start.sh multibwa.sh /data /data/References/Broad_UMI /data/References/Broad_UMI/Human_RefSeq /data/Aligns 24 20 8,2,0,23,start.sh,72,1,298,2281472,164
1394,1572140521,2019_10_27__01_42_01.json,0,18828,1165791,/bin/bash /usr/local/bin/start.sh multibwa.sh /data /data/References/Broad_UMI /data/References/Broad_UMI/Human_RefSeq /data/Aligns 24 20 8,2,0,23,start.sh,72,1,298,2281472,164
1395,1572140523,2019_10_27__01_42_03.json,0,18828,1165791,/bin/bash /usr/local/bin/start.sh multibwa.sh /data /data/References/Broad_UMI /data/References/Broad_UMI/Human_RefSeq /data/Aligns 24 20 8,2,0,23,start.sh,72,1,298,2281472,164
1396,1572140525,2019_10_27__01_42_05.json,0,18828,1165791,/bin/bash /usr/local/bin/start.sh multibwa.sh /data /data/References/Broad_UMI /data/References/Broad_UMI/Human_RefSeq /data/Aligns 24 20 8,2,0,23,start.sh,72,1,298,2281472,164
1397,1572140526,2019_10_27__01_42_06.json,0,18828,1165791,/bin/bash /usr/local/bin/start.sh multibwa.sh /data /data/References/Broad_UMI /data/References/Broad_UMI/Human_RefSeq /data/Aligns 24 20 8,2,0,23,start.sh,72,1,298,2281472,164
1398,1572140528,2019_10_27__01_42_08.json,0,18828,1165791,/bin/bash /usr/local/bin/start.sh multibwa.sh /data /data/References/Broad_UMI /data/References/Broad_UMI/Human_RefSeq /data/Aligns 24 20 8,2,0,23,start.sh,72,1,298,2281472,164
1399,1572140529,2019_10_27__01_42_09.json,0,18828,1165791,/bin/bash /usr/local/bin/start.sh multibwa.sh /data /data/References/Broad_UMI /data/References/Broad_UMI/Human_RefSeq /data/Aligns 24 20 8,2,0,23,start.sh,72,1,298,2281472,164
1400,1572140531,2019_10_27__01_42_11.json,0,18828,1165791,/bin/bash /usr/local/bin/start.sh multibwa.sh /data /data/References/Broad_UMI /data/References/Broad_UMI/Human_RefSeq /data/Aligns 24 20 8,2,0,23,start.sh,72,1,298,2281472,164
1401,1572140532,2019_10_27__01_42_12.json,0,18828,1165791,/bin/bash /usr/local/bin/start.sh multibwa.sh /data /data/References/Broad_UMI /data/References/Broad_UMI/Human_RefSeq /data/Aligns 24 20 8,2,0,23,start.sh,72,1,298,2281472,164
1402,1572140534,2019_10_27__01_42_14.json,0,18828,1165791,/bin/bash /usr/local/bin/start.sh multibwa.sh /data /data/References/Broad_UMI /data/References/Broad_UMI/Human_RefSeq /data/Aligns 24 20 8,2,0,23,start.sh,72,1,298,2281472,164
1403,1572140537,2019_10_27__01_42_17.json,0,18828,1165791,/bin/bash /usr/local/bin/start.sh multibwa.sh /data /data/References/Broad_UMI /data/References/Broad_UMI/Human_RefSeq /data/Aligns 24 20 8,2,0,23,start.sh,72,1,298,2281472,164
1404,1572140538,2019_10_27__01_42_18.json,0,18828,1165791,/bin/bash /usr/local/bin/start.sh multibwa.sh /data /data/References/Broad_UMI /data/References/Broad_UMI/Human_RefSeq /data/Aligns 24 20 8,2,0,23,start.sh,72,1,298,2281472,164
1405,1572140541,2019_10_27__01_42_21.json,0,18828,1165791,/bin/bash /usr/local/bin/start.sh multibwa.sh /data /data/References/Broad_UMI /data/References/Broad_UMI/Human_RefSeq /data/Aligns 24 20 8,2,0,23,start.sh,72,1,298,2281472,164
1406,1572140542,2019_10_27__01_42_22.json,0,18828,1165791,/bin/bash /usr/local/bin/start.sh multibwa.sh /data /data/References/Broad_UMI /data/References/Broad_UMI/Human_RefSeq /data/Aligns 24 20 8,2,0,23,start.sh,72,1,298,2281472,164
1407,1572140544,2019_10_27__01_42_24.json,0,18828,1165791,/bin/bash /usr/local/bin/start.sh multibwa.sh /data /data/References/Broad_UMI /data/References/Broad_UMI/Human_RefSeq /data/Aligns 24 20 8,2,0,23,start.sh,72,1,298,2281472,164
1408,1572140545,2019_10_27__01_42_25.json,0,18828,1165791,/bin/bash /usr/local/bin/start.sh multibwa.sh /data /data/References/Broad_UMI /data/References/Broad_UMI/Human_RefSeq /data/Aligns 24 20 8,2,0,23,start.sh,72,1,298,2281472,164
1409,1572140547,2019_10_27__01_42_27.json,0,18828,1165791,/bin/bash /usr/local/bin/start.sh multibwa.sh /data /data/References/Broad_UMI /data/References/Broad_UMI/Human_RefSeq /data/Aligns 24 20 8,2,0,23,start.sh,72,1,298,2281472,164
1410,1572140548,2019_10_27__01_42_28.json,0,18828,1165791,/bin/bash /usr/local/bin/start.sh multibwa.sh /data /data/References/Broad_UMI /data/References/Broad_UMI/Human_RefSeq /data/Aligns 24 20 8,2,0,23,start.sh,72,1,298,2281472,164
1411,1572140550,2019_10_27__01_42_30.json,0,18828,1165791,/bin/bash /usr/local/bin/start.sh multibwa.sh /data /data/References/Broad_UMI /data/References/Broad_UMI/Human_RefSeq /data/Aligns 24 20 8,2,0,23,start.sh,72,1,298,2281472,164
1412,1572140551,2019_10_27__01_42_31.json,0,18828,1165791,/bin/bash /usr/local/bin/start.sh multibwa.sh /data /data/References/Broad_UMI /data/References/Broad_UMI/Human_RefSeq /data/Aligns 24 20 8,2,0,23,start.sh,72,1,298,2281472,164
1413,1572140553,2019_10_27__01_42_33.json,0,18828,1165791,/bin/bash /usr/local/bin/start.sh multibwa.sh /data /data/References/Broad_UMI /data/References/Broad_UMI/Human_RefSeq /data/Aligns 24 20 8,2,0,23,start.sh,72,1,298,2281472,164
1414,1572140554,2019_10_27__01_42_34.json,0,18828,1165791,/bin/bash /usr/local/bin/start.sh multibwa.sh /data /data/References/Broad_UMI /data/References/Broad_UMI/Human_RefSeq /data/Aligns 24 20 8,2,0,23,start.sh,72,1,298,2281472,164
1415,1572140557,2019_10_27__01_42_37.json,0,18828,1165791,/bin/bash /usr/local/bin/start.sh multibwa.sh /data /data/References/Broad_UMI /data/References/Broad_UMI/Human_RefSeq /data/Aligns 24 20 8,2,0,23,start.sh,72,1,298,2281472,164
1416,1572140559,2019_10_27__01_42_39.json,0,18828,1165791,/bin/bash /usr/local/bin/start.sh multibwa.sh /data /data/References/Broad_UMI /data/References/Broad_UMI/Human_RefSeq /data/Aligns 24 20 8,2,0,23,start.sh,72,1,298,2281472,164
1417,1572140562,2019_10_27__01_42_42.json,0,18828,1165791,/bin/bash /usr/local/bin/start.sh multibwa.sh /data /data/References/Broad_UMI /data/References/Broad_UMI/Human_RefSeq /data/Aligns 24 20 8,2,0,23,start.sh,72,1,298,2281472,164
1418,1572140564,2019_10_27__01_42_44.json,0,18828,1165791,/bin/bash /usr/local/bin/start.sh multibwa.sh /data /data/References/Broad_UMI /data/References/Broad_UMI/Human_RefSeq /data/Aligns 24 20 8,2,0,23,start.sh,72,1,298,2281472,164
1419,1572140566,2019_10_27__01_42_46.json,0,18828,1165791,/bin/bash /usr/local/bin/start.sh multibwa.sh /data /data/References/Broad_UMI /data/References/Broad_UMI/Human_RefSeq /data/Aligns 24 20 8,2,0,23,start.sh,72,1,298,2281472,164
1420,1572140567,2019_10_27__01_42_47.json,0,18828,1165791,/bin/bash /usr/local/bin/start.sh multibwa.sh /data /data/References/Broad_UMI /data/References/Broad_UMI/Human_RefSeq /data/Aligns 24 20 8,2,0,23,start.sh,72,1,298,2281472,164
1421,1572140569,2019_10_27__01_42_49.json,0,18828,1165791,/bin/bash /usr/local/bin/start.sh multibwa.sh /data /data/References/Broad_UMI /data/References/Broad_UMI/Human_RefSeq /data/Aligns 24 20 8,2,0,23,start.sh,72,1,298,2281472,164
1422,1572140570,2019_10_27__01_42_50.json,0,18828,1165791,/bin/bash /usr/local/bin/start.sh multibwa.sh /data /data/References/Broad_UMI /data/References/Broad_UMI/Human_RefSeq /data/Aligns 24 20 8,2,0,23,start.sh,72,1,298,2281472,164
1423,1572140572,2019_10_27__01_42_52.json,0,18828,1165791,/bin/bash /usr/local/bin/start.sh multibwa.sh /data /data/References/Broad_UMI /data/References/Broad_UMI/Human_RefSeq /data/Aligns 24 20 8,2,0,23,start.sh,72,1,298,2281472,164
1424,1572140574,2019_10_27__01_42_54.json,0,18828,1165791,/bin/bash /usr/local/bin/start.sh multibwa.sh /data /data/References/Broad_UMI /data/References/Broad_UMI/Human_RefSeq /data/Aligns 24 20 8,2,0,23,start.sh,72,1,298,2281472,164
1425,1572140575,2019_10_27__01_42_55.json,0,18828,1165791,/bin/bash /usr/local/bin/start.sh multibwa.sh /data /data/References/Broad_UMI /data/References/Broad_UMI/Human_RefSeq /data/Aligns 24 20 8,2,0,23,start.sh,72,1,298,2281472,164
1426,1572140578,2019_10_27__01_42_58.json,0,18828,1165791,/bin/bash /usr/local/bin/start.sh multibwa.sh /data /data/References/Broad_UMI /data/References/Broad_UMI/Human_RefSeq /data/Aligns 24 20 8,2,0,23,start.sh,72,1,298,2281472,164
1427,1572140582,2019_10_27__01_43_02.json,0,18828,1165791,/bin/bash /usr/local/bin/start.sh multibwa.sh /data /data/References/Broad_UMI /data/References/Broad_UMI/Human_RefSeq /data/Aligns 24 20 8,2,0,23,start.sh,72,1,298,2281472,164
1428,1572140587,2019_10_27__01_43_07.json,0,18828,1165791,/bin/bash /usr/local/bin/start.sh multibwa.sh /data /data/References/Broad_UMI /data/References/Broad_UMI/Human_RefSeq /data/Aligns 24 20 8,2,0,23,start.sh,72,1,298,2281472,164
1429,1572140589,2019_10_27__01_43_09.json,0,18828,1165791,/bin/bash /usr/local/bin/start.sh multibwa.sh /data /data/References/Broad_UMI /data/References/Broad_UMI/Human_RefSeq /data/Aligns 24 20 8,2,0,23,start.sh,72,1,298,2281472,164
1430,1572140590,2019_10_27__01_43_10.json,0,18828,1165791,/bin/bash /usr/local/bin/start.sh multibwa.sh /data /data/References/Broad_UMI /data/References/Broad_UMI/Human_RefSeq /data/Aligns 24 20 8,2,0,23,start.sh,72,1,298,2281472,164
1431,1572140592,2019_10_27__01_43_12.json,0,18828,1165791,/bin/bash /usr/local/bin/start.sh multibwa.sh /data /data/References/Broad_UMI /data/References/Broad_UMI/Human_RefSeq /data/Aligns 24 20 8,2,0,23,start.sh,72,1,298,2281472,164
1432,1572140593,2019_10_27__01_43_13.json,0,18828,1165791,/bin/bash /usr/local/bin/start.sh multibwa.sh /data /data/References/Broad_UMI /data/References/Broad_UMI/Human_RefSeq /data/Aligns 24 20 8,2,0,23,start.sh,72,1,298,2281472,164
1433,1572140595,2019_10_27__01_43_15.json,0,18828,1165791,/bin/bash /usr/local/bin/start.sh multibwa.sh /data /data/References/Broad_UMI /data/References/Broad_UMI/Human_RefSeq /data/Aligns 24 20 8,2,0,23,start.sh,72,1,298,2281472,164
1434,1572140596,2019_10_27__01_43_16.json,0,18828,1165791,/bin/bash /usr/local/bin/start.sh multibwa.sh /data /data/References/Broad_UMI /data/References/Broad_UMI/Human_RefSeq /data/Aligns 24 20 8,2,0,23,start.sh,72,1,298,2281472,164
1435,1572140598,2019_10_27__01_43_18.json,0,18828,1165791,/bin/bash /usr/local/bin/start.sh multibwa.sh /data /data/References/Broad_UMI /data/References/Broad_UMI/Human_RefSeq /data/Aligns 24 20 8,2,0,23,start.sh,72,1,298,2281472,164
1436,1572140600,2019_10_27__01_43_20.json,0,18828,1165791,/bin/bash /usr/local/bin/start.sh multibwa.sh /data /data/References/Broad_UMI /data/References/Broad_UMI/Human_RefSeq /data/Aligns 24 20 8,2,0,23,start.sh,72,1,298,2281472,164
1437,1572140604,2019_10_27__01_43_24.json,0,18828,1165791,/bin/bash /usr/local/bin/start.sh multibwa.sh /data /data/References/Broad_UMI /data/References/Broad_UMI/Human_RefSeq /data/Aligns 24 20 8,2,0,23,start.sh,72,1,298,2281472,164
1438,1572140605,2019_10_27__01_43_25.json,0,18828,1165791,/bin/bash /usr/local/bin/start.sh multibwa.sh /data /data/References/Broad_UMI /data/References/Broad_UMI/Human_RefSeq /data/Aligns 24 20 8,2,0,23,start.sh,72,1,298,2281472,164
1439,1572140607,2019_10_27__01_43_27.json,0,18828,1165791,/bin/bash /usr/local/bin/start.sh multibwa.sh /data /data/References/Broad_UMI /data/References/Broad_UMI/Human_RefSeq /data/Aligns 24 20 8,2,0,23,start.sh,72,1,298,2281472,164
1440,1572140608,2019_10_27__01_43_28.json,0,18828,1165791,/bin/bash /usr/local/bin/start.sh multibwa.sh /data /data/References/Broad_UMI /data/References/Broad_UMI/Human_RefSeq /data/Aligns 24 20 8,2,0,23,start.sh,72,1,298,2281472,164
1441,1572140610,2019_10_27__01_43_30.json,0,18828,1165791,/bin/bash /usr/local/bin/start.sh multibwa.sh /data /data/References/Broad_UMI /data/References/Broad_UMI/Human_RefSeq /data/Aligns 24 20 8,2,0,23,start.sh,72,1,298,2281472,164
1442,1572140611,2019_10_27__01_43_31.json,0,18828,1165791,/bin/bash /usr/local/bin/start.sh multibwa.sh /data /data/References/Broad_UMI /data/References/Broad_UMI/Human_RefSeq /data/Aligns 24 20 8,2,0,23,start.sh,72,1,298,2281472,164
1443,1572140613,2019_10_27__01_43_33.json,0,18828,1165791,/bin/bash /usr/local/bin/start.sh multibwa.sh /data /data/References/Broad_UMI /data/References/Broad_UMI/Human_RefSeq /data/Aligns 24 20 8,2,0,23,start.sh,72,1,298,2281472,164
1444,1572140622,2019_10_27__01_43_42.json,0,18828,1165791,/bin/bash /usr/local/bin/start.sh multibwa.sh /data /data/References/Broad_UMI /data/References/Broad_UMI/Human_RefSeq /data/Aligns 24 20 8,2,0,23,start.sh,72,1,298,2281472,164
1445,1572140623,2019_10_27__01_43_43.json,0,18828,1165791,/bin/bash /usr/local/bin/start.sh multibwa.sh /data /data/References/Broad_UMI /data/References/Broad_UMI/Human_RefSeq /data/Aligns 24 20 8,2,0,23,start.sh,72,1,298,2281472,164
1446,1572140625,2019_10_27__01_43_45.json,0,18828,1165791,/bin/bash /usr/local/bin/start.sh multibwa.sh /data /data/References/Broad_UMI /data/References/Broad_UMI/Human_RefSeq /data/Aligns 24 20 8,2,0,23,start.sh,72,1,298,2281472,164
1447,1572140626,2019_10_27__01_43_46.json,0,18828,1165791,/bin/bash /usr/local/bin/start.sh multibwa.sh /data /data/References/Broad_UMI /data/References/Broad_UMI/Human_RefSeq /data/Aligns 24 20 8,2,0,23,start.sh,72,1,298,2281472,164
1448,1572140628,2019_10_27__01_43_48.json,0,18828,1165791,/bin/bash /usr/local/bin/start.sh multibwa.sh /data /data/References/Broad_UMI /data/References/Broad_UMI/Human_RefSeq /data/Aligns 24 20 8,2,0,23,start.sh,72,1,298,2281472,164
1449,1572140629,2019_10_27__01_43_49.json,0,18828,1165791,/bin/bash /usr/local/bin/start.sh multibwa.sh /data /data/References/Broad_UMI /data/References/Broad_UMI/Human_RefSeq /data/Aligns 24 20 8,2,0,23,start.sh,72,1,298,2281472,164
1450,1572140631,2019_10_27__01_43_51.json,0,18828,1165791,/bin/bash /usr/local/bin/start.sh multibwa.sh /data /data/References/Broad_UMI /data/References/Broad_UMI/Human_RefSeq /data/Aligns 24 20 8,2,0,23,start.sh,72,1,298,2281472,164
1451,1572140632,2019_10_27__01_43_52.json,0,18828,1165791,/bin/bash /usr/local/bin/start.sh multibwa.sh /data /data/References/Broad_UMI /data/References/Broad_UMI/Human_RefSeq /data/Aligns 24 20 8,2,0,23,start.sh,72,1,298,2281472,164
1452,1572140634,2019_10_27__01_43_54.json,0,18828,1165791,/bin/bash /usr/local/bin/start.sh multibwa.sh /data /data/References/Broad_UMI /data/References/Broad_UMI/Human_RefSeq /data/Aligns 24 20 8,2,0,23,start.sh,72,1,298,2281472,164
1453,1572140635,2019_10_27__01_43_55.json,0,18828,1165791,/bin/bash /usr/local/bin/start.sh multibwa.sh /data /data/References/Broad_UMI /data/References/Broad_UMI/Human_RefSeq /data/Aligns 24 20 8,2,0,23,start.sh,72,1,298,2281472,164
1454,1572140637,2019_10_27__01_43_57.json,0,18828,1165791,/bin/bash /usr/local/bin/start.sh multibwa.sh /data /data/References/Broad_UMI /data/References/Broad_UMI/Human_RefSeq /data/Aligns 24 20 8,2,0,23,start.sh,72,1,298,2281472,164
1455,1572140640,2019_10_27__01_44_00.json,0,18828,1165791,/bin/bash /usr/local/bin/start.sh multibwa.sh /data /data/References/Broad_UMI /data/References/Broad_UMI/Human_RefSeq /data/Aligns 24 20 8,2,0,23,start.sh,72,1,298,2281472,164
1456,1572140643,2019_10_27__01_44_03.json,0,18828,1165791,/bin/bash /usr/local/bin/start.sh multibwa.sh /data /data/References/Broad_UMI /data/References/Broad_UMI/Human_RefSeq /data/Aligns 24 20 8,2,0,23,start.sh,72,1,298,2281472,164
1457,1572140644,2019_10_27__01_44_04.json,0,18828,1165791,/bin/bash /usr/local/bin/start.sh multibwa.sh /data /data/References/Broad_UMI /data/References/Broad_UMI/Human_RefSeq /data/Aligns 24 20 8,2,0,23,start.sh,72,1,298,2281472,164
1458,1572140646,2019_10_27__01_44_06.json,0,18828,1165791,/bin/bash /usr/local/bin/start.sh multibwa.sh /data /data/References/Broad_UMI /data/References/Broad_UMI/Human_RefSeq /data/Aligns 24 20 8,2,0,23,start.sh,72,1,298,2281472,164
1459,1572140648,2019_10_27__01_44_08.json,0,18828,1165791,/bin/bash /usr/local/bin/start.sh multibwa.sh /data /data/References/Broad_UMI /data/References/Broad_UMI/Human_RefSeq /data/Aligns 24 20 8,2,0,23,start.sh,72,1,298,2281472,164
1460,1572140650,2019_10_27__01_44_10.json,0,18828,1165791,/bin/bash /usr/local/bin/start.sh multibwa.sh /data /data/References/Broad_UMI /data/References/Broad_UMI/Human_RefSeq /data/Aligns 24 20 8,2,0,23,start.sh,72,1,298,2281472,164
1461,1572140652,2019_10_27__01_44_12.json,0,18828,1165791,/bin/bash /usr/local/bin/start.sh multibwa.sh /data /data/References/Broad_UMI /data/References/Broad_UMI/Human_RefSeq /data/Aligns 24 20 8,2,0,23,start.sh,72,1,298,2281472,164
1462,1572140653,2019_10_27__01_44_13.json,0,18828,1165791,/bin/bash /usr/local/bin/start.sh multibwa.sh /data /data/References/Broad_UMI /data/References/Broad_UMI/Human_RefSeq /data/Aligns 24 20 8,2,0,23,start.sh,72,1,298,2281472,164
1463,1572140655,2019_10_27__01_44_15.json,0,18828,1165791,/bin/bash /usr/local/bin/start.sh multibwa.sh /data /data/References/Broad_UMI /data/References/Broad_UMI/Human_RefSeq /data/Aligns 24 20 8,2,0,23,start.sh,72,1,298,2281472,164
1464,1572140656,2019_10_27__01_44_16.json,0,18828,1165791,/bin/bash /usr/local/bin/start.sh multibwa.sh /data /data/References/Broad_UMI /data/References/Broad_UMI/Human_RefSeq /data/Aligns 24 20 8,2,0,23,start.sh,72,1,298,2281472,164
1465,1572140658,2019_10_27__01_44_18.json,0,18828,1165791,/bin/bash /usr/local/bin/start.sh multibwa.sh /data /data/References/Broad_UMI /data/References/Broad_UMI/Human_RefSeq /data/Aligns 24 20 8,2,0,23,start.sh,72,1,298,2281472,164
1466,1572140660,2019_10_27__01_44_20.json,0,18828,1165791,/bin/bash /usr/local/bin/start.sh multibwa.sh /data /data/References/Broad_UMI /data/References/Broad_UMI/Human_RefSeq /data/Aligns 24 20 8,2,0,23,start.sh,72,1,298,2281472,164
1467,1572140662,2019_10_27__01_44_22.json,0,18828,1165791,/bin/bash /usr/local/bin/start.sh multibwa.sh /data /data/References/Broad_UMI /data/References/Broad_UMI/Human_RefSeq /data/Aligns 24 20 8,2,0,23,start.sh,72,1,298,2281472,164
1468,1572140663,2019_10_27__01_44_23.json,0,18828,1165791,/bin/bash /usr/local/bin/start.sh multibwa.sh /data /data/References/Broad_UMI /data/References/Broad_UMI/Human_RefSeq /data/Aligns 24 20 8,2,0,23,start.sh,72,1,298,2281472,164
1469,1572140665,2019_10_27__01_44_25.json,0,18828,1165791,/bin/bash /usr/local/bin/start.sh multibwa.sh /data /data/References/Broad_UMI /data/References/Broad_UMI/Human_RefSeq /data/Aligns 24 20 8,2,0,23,start.sh,72,1,298,2281472,164
1470,1572140667,2019_10_27__01_44_27.json,0,18828,1165791,/bin/bash /usr/local/bin/start.sh multibwa.sh /data /data/References/Broad_UMI /data/References/Broad_UMI/Human_RefSeq /data/Aligns 24 20 8,2,0,23,start.sh,72,1,298,2281472,164
1471,1572140669,2019_10_27__01_44_29.json,0,18828,1165791,/bin/bash /usr/local/bin/start.sh multibwa.sh /data /data/References/Broad_UMI /data/References/Broad_UMI/Human_RefSeq /data/Aligns 24 20 8,2,0,23,start.sh,72,1,298,2281472,164
1472,1572140670,2019_10_27__01_44_30.json,0,18828,1165791,/bin/bash /usr/local/bin/start.sh multibwa.sh /data /data/References/Broad_UMI /data/References/Broad_UMI/Human_RefSeq /data/Aligns 24 20 8,2,0,23,start.sh,72,1,298,2281472,164
1473,1572140672,2019_10_27__01_44_32.json,0,18828,1165791,/bin/bash /usr/local/bin/start.sh multibwa.sh /data /data/References/Broad_UMI /data/References/Broad_UMI/Human_RefSeq /data/Aligns 24 20 8,2,0,23,start.sh,72,1,298,2281472,164
1474,1572140674,2019_10_27__01_44_34.json,0,18828,1165791,/bin/bash /usr/local/bin/start.sh multibwa.sh /data /data/References/Broad_UMI /data/References/Broad_UMI/Human_RefSeq /data/Aligns 24 20 8,2,0,23,start.sh,72,1,298,2281472,164
1475,1572140675,2019_10_27__01_44_35.json,0,18828,1165791,/bin/bash /usr/local/bin/start.sh multibwa.sh /data /data/References/Broad_UMI /data/References/Broad_UMI/Human_RefSeq /data/Aligns 24 20 8,2,0,23,start.sh,72,1,298,2281472,164
1476,1572140677,2019_10_27__01_44_37.json,0,18828,1165791,/bin/bash /usr/local/bin/start.sh multibwa.sh /data /data/References/Broad_UMI /data/References/Broad_UMI/Human_RefSeq /data/Aligns 24 20 8,2,0,23,start.sh,72,1,298,2281472,164
1477,1572140679,2019_10_27__01_44_39.json,0,18828,1165791,/bin/bash /usr/local/bin/start.sh multibwa.sh /data /data/References/Broad_UMI /data/References/Broad_UMI/Human_RefSeq /data/Aligns 24 20 8,2,0,23,start.sh,72,1,298,2281472,164
1478,1572140680,2019_10_27__01_44_40.json,0,18828,1165791,/bin/bash /usr/local/bin/start.sh multibwa.sh /data /data/References/Broad_UMI /data/References/Broad_UMI/Human_RefSeq /data/Aligns 24 20 8,2,0,23,start.sh,72,1,298,2281472,164
1479,1572140682,2019_10_27__01_44_42.json,0,18828,1165791,/bin/bash /usr/local/bin/start.sh multibwa.sh /data /data/References/Broad_UMI /data/References/Broad_UMI/Human_RefSeq /data/Aligns 24 20 8,2,0,23,start.sh,72,1,298,2281472,164
1480,1572140684,2019_10_27__01_44_44.json,0,18828,1165791,/bin/bash /usr/local/bin/start.sh multibwa.sh /data /data/References/Broad_UMI /data/References/Broad_UMI/Human_RefSeq /data/Aligns 24 20 8,2,0,23,start.sh,72,1,298,2281472,164
1481,1572140685,2019_10_27__01_44_45.json,0,18828,1165791,/bin/bash /usr/local/bin/start.sh multibwa.sh /data /data/References/Broad_UMI /data/References/Broad_UMI/Human_RefSeq /data/Aligns 24 20 8,2,0,23,start.sh,72,1,298,2281472,164
1482,1572140687,2019_10_27__01_44_47.json,0,18828,1165791,/bin/bash /usr/local/bin/start.sh multibwa.sh /data /data/References/Broad_UMI /data/References/Broad_UMI/Human_RefSeq /data/Aligns 24 20 8,2,0,23,start.sh,72,1,298,2281472,164
1483,1572140689,2019_10_27__01_44_49.json,0,18828,1165791,/bin/bash /usr/local/bin/start.sh multibwa.sh /data /data/References/Broad_UMI /data/References/Broad_UMI/Human_RefSeq /data/Aligns 24 20 8,2,0,23,start.sh,72,1,298,2281472,164
1484,1572140690,2019_10_27__01_44_50.json,0,18828,1165791,/bin/bash /usr/local/bin/start.sh multibwa.sh /data /data/References/Broad_UMI /data/References/Broad_UMI/Human_RefSeq /data/Aligns 24 20 8,2,0,23,start.sh,72,1,298,2281472,164
1485,1572140692,2019_10_27__01_44_52.json,0,18828,1165791,/bin/bash /usr/local/bin/start.sh multibwa.sh /data /data/References/Broad_UMI /data/References/Broad_UMI/Human_RefSeq /data/Aligns 24 20 8,2,0,23,start.sh,72,1,298,2281472,164
1486,1572140694,2019_10_27__01_44_54.json,0,18828,1165791,/bin/bash /usr/local/bin/start.sh multibwa.sh /data /data/References/Broad_UMI /data/References/Broad_UMI/Human_RefSeq /data/Aligns 24 20 8,2,0,23,start.sh,72,1,298,2281472,164
1487,1572140696,2019_10_27__01_44_56.json,0,18828,1165791,/bin/bash /usr/local/bin/start.sh multibwa.sh /data /data/References/Broad_UMI /data/References/Broad_UMI/Human_RefSeq /data/Aligns 24 20 8,2,0,23,start.sh,72,1,298,2281472,164
1488,1572140697,2019_10_27__01_44_57.json,0,18828,1165791,/bin/bash /usr/local/bin/start.sh multibwa.sh /data /data/References/Broad_UMI /data/References/Broad_UMI/Human_RefSeq /data/Aligns 24 20 8,2,0,23,start.sh,72,1,298,2281472,164
1489,1572140699,2019_10_27__01_44_59.json,0,18828,1165791,/bin/bash /usr/local/bin/start.sh multibwa.sh /data /data/References/Broad_UMI /data/References/Broad_UMI/Human_RefSeq /data/Aligns 24 20 8,2,0,23,start.sh,72,1,298,2281472,164
1490,1572140701,2019_10_27__01_45_01.json,0,18828,1165791,/bin/bash /usr/local/bin/start.sh multibwa.sh /data /data/References/Broad_UMI /data/References/Broad_UMI/Human_RefSeq /data/Aligns 24 20 8,2,0,23,start.sh,72,1,298,2281472,164
1491,1572140703,2019_10_27__01_45_03.json,0,18828,1165791,/bin/bash /usr/local/bin/start.sh multibwa.sh /data /data/References/Broad_UMI /data/References/Broad_UMI/Human_RefSeq /data/Aligns 24 20 8,2,0,23,start.sh,72,1,298,2281472,164
1492,1572140704,2019_10_27__01_45_04.json,0,18828,1165791,/bin/bash /usr/local/bin/start.sh multibwa.sh /data /data/References/Broad_UMI /data/References/Broad_UMI/Human_RefSeq /data/Aligns 24 20 8,2,0,23,start.sh,72,1,298,2281472,164
1493,1572140706,2019_10_27__01_45_06.json,0,18828,1165791,/bin/bash /usr/local/bin/start.sh multibwa.sh /data /data/References/Broad_UMI /data/References/Broad_UMI/Human_RefSeq /data/Aligns 24 20 8,2,0,23,start.sh,72,1,298,2281472,164
1494,1572140708,2019_10_27__01_45_08.json,0,18828,1165791,/bin/bash /usr/local/bin/start.sh multibwa.sh /data /data/References/Broad_UMI /data/References/Broad_UMI/Human_RefSeq /data/Aligns 24 20 8,2,0,23,start.sh,72,1,298,2281472,164
1495,1572140709,2019_10_27__01_45_09.json,0,18828,1165791,/bin/bash /usr/local/bin/start.sh multibwa.sh /data /data/References/Broad_UMI /data/References/Broad_UMI/Human_RefSeq /data/Aligns 24 20 8,2,0,23,start.sh,72,1,298,2281472,164
1496,1572140711,2019_10_27__01_45_11.json,0,18828,1165791,/bin/bash /usr/local/bin/start.sh multibwa.sh /data /data/References/Broad_UMI /data/References/Broad_UMI/Human_RefSeq /data/Aligns 24 20 8,2,0,23,start.sh,72,1,298,2281472,164
1497,1572140713,2019_10_27__01_45_13.json,0,18828,1165791,/bin/bash /usr/local/bin/start.sh multibwa.sh /data /data/References/Broad_UMI /data/References/Broad_UMI/Human_RefSeq /data/Aligns 24 20 8,2,0,23,start.sh,72,1,298,2281472,164
1498,1572140714,2019_10_27__01_45_14.json,0,18828,1165791,/bin/bash /usr/local/bin/start.sh multibwa.sh /data /data/References/Broad_UMI /data/References/Broad_UMI/Human_RefSeq /data/Aligns 24 20 8,2,0,23,start.sh,72,1,298,2281472,164
1499,1572140716,2019_10_27__01_45_16.json,0,18828,1165791,/bin/bash /usr/local/bin/start.sh multibwa.sh /data /data/References/Broad_UMI /data/References/Broad_UMI/Human_RefSeq /data/Aligns 24 20 8,2,0,23,start.sh,72,1,298,2281472,164
1500,1572140718,2019_10_27__01_45_18.json,0,18828,1165791,/bin/bash /usr/local/bin/start.sh multibwa.sh /data /data/References/Broad_UMI /data/References/Broad_UMI/Human_RefSeq /data/Aligns 24 20 8,2,0,23,start.sh,72,1,298,2281472,164
1501,1572140719,2019_10_27__01_45_19.json,0,18828,1165791,/bin/bash /usr/local/bin/start.sh multibwa.sh /data /data/References/Broad_UMI /data/References/Broad_UMI/Human_RefSeq /data/Aligns 24 20 8,2,0,23,start.sh,72,1,298,2281472,164
1502,1572140722,2019_10_27__01_45_22.json,0,18828,1165791,/bin/bash /usr/local/bin/start.sh multibwa.sh /data /data/References/Broad_UMI /data/References/Broad_UMI/Human_RefSeq /data/Aligns 24 20 8,2,0,23,start.sh,72,1,298,2281472,164
1503,1572140723,2019_10_27__01_45_23.json,0,18828,1165791,/bin/bash /usr/local/bin/start.sh multibwa.sh /data /data/References/Broad_UMI /data/References/Broad_UMI/Human_RefSeq /data/Aligns 24 20 8,2,0,23,start.sh,72,1,298,2281472,164
1504,1572140725,2019_10_27__01_45_25.json,0,18828,1165791,/bin/bash /usr/local/bin/start.sh multibwa.sh /data /data/References/Broad_UMI /data/References/Broad_UMI/Human_RefSeq /data/Aligns 24 20 8,2,0,23,start.sh,72,1,298,2281472,164
1505,1572140727,2019_10_27__01_45_27.json,0,18828,1165791,/bin/bash /usr/local/bin/start.sh multibwa.sh /data /data/References/Broad_UMI /data/References/Broad_UMI/Human_RefSeq /data/Aligns 24 20 8,2,0,23,start.sh,72,1,298,2281472,164
1506,1572140728,2019_10_27__01_45_28.json,0,18828,1165791,/bin/bash /usr/local/bin/start.sh multibwa.sh /data /data/References/Broad_UMI /data/References/Broad_UMI/Human_RefSeq /data/Aligns 24 20 8,2,0,23,start.sh,72,1,298,2281472,164
1507,1572140730,2019_10_27__01_45_30.json,0,18828,1165791,/bin/bash /usr/local/bin/start.sh multibwa.sh /data /data/References/Broad_UMI /data/References/Broad_UMI/Human_RefSeq /data/Aligns 24 20 8,2,0,23,start.sh,72,1,298,2281472,164
1508,1572140732,2019_10_27__01_45_32.json,0,18828,1165791,/bin/bash /usr/local/bin/start.sh multibwa.sh /data /data/References/Broad_UMI /data/References/Broad_UMI/Human_RefSeq /data/Aligns 24 20 8,2,0,23,start.sh,72,1,298,2281472,164
1509,1572140734,2019_10_27__01_45_34.json,0,18828,1165791,/bin/bash /usr/local/bin/start.sh multibwa.sh /data /data/References/Broad_UMI /data/References/Broad_UMI/Human_RefSeq /data/Aligns 24 20 8,2,0,23,start.sh,72,1,298,2281472,164
1510,1572140735,2019_10_27__01_45_35.json,0,18828,1165791,/bin/bash /usr/local/bin/start.sh multibwa.sh /data /data/References/Broad_UMI /data/References/Broad_UMI/Human_RefSeq /data/Aligns 24 20 8,2,0,23,start.sh,72,1,298,2281472,164
1511,1572140737,2019_10_27__01_45_37.json,0,18828,1165791,/bin/bash /usr/local/bin/start.sh multibwa.sh /data /data/References/Broad_UMI /data/References/Broad_UMI/Human_RefSeq /data/Aligns 24 20 8,2,0,23,start.sh,72,1,298,2281472,164
1512,1572140739,2019_10_27__01_45_39.json,0,18828,1165791,/bin/bash /usr/local/bin/start.sh multibwa.sh /data /data/References/Broad_UMI /data/References/Broad_UMI/Human_RefSeq /data/Aligns 24 20 8,2,0,23,start.sh,72,1,298,2281472,164
1513,1572140740,2019_10_27__01_45_40.json,0,18828,1165791,/bin/bash /usr/local/bin/start.sh multibwa.sh /data /data/References/Broad_UMI /data/References/Broad_UMI/Human_RefSeq /data/Aligns 24 20 8,2,0,23,start.sh,72,1,298,2281472,164
1514,1572140742,2019_10_27__01_45_42.json,0,18828,1165791,/bin/bash /usr/local/bin/start.sh multibwa.sh /data /data/References/Broad_UMI /data/References/Broad_UMI/Human_RefSeq /data/Aligns 24 20 8,2,0,23,start.sh,72,1,298,2281472,164
1515,1572140744,2019_10_27__01_45_44.json,0,18828,1165791,/bin/bash /usr/local/bin/start.sh multibwa.sh /data /data/References/Broad_UMI /data/References/Broad_UMI/Human_RefSeq /data/Aligns 24 20 8,2,0,23,start.sh,72,1,298,2281472,164
1516,1572140746,2019_10_27__01_45_46.json,0,18828,1165791,/bin/bash /usr/local/bin/start.sh multibwa.sh /data /data/References/Broad_UMI /data/References/Broad_UMI/Human_RefSeq /data/Aligns 24 20 8,2,0,23,start.sh,72,1,298,2281472,164
1517,1572140747,2019_10_27__01_45_47.json,0,18828,1165791,/bin/bash /usr/local/bin/start.sh multibwa.sh /data /data/References/Broad_UMI /data/References/Broad_UMI/Human_RefSeq /data/Aligns 24 20 8,2,0,23,start.sh,72,1,298,2281472,164
1518,1572140749,2019_10_27__01_45_49.json,0,18828,1165791,/bin/bash /usr/local/bin/start.sh multibwa.sh /data /data/References/Broad_UMI /data/References/Broad_UMI/Human_RefSeq /data/Aligns 24 20 8,2,0,23,start.sh,72,1,298,2281472,164
1519,1572140751,2019_10_27__01_45_51.json,0,18828,1165791,/bin/bash /usr/local/bin/start.sh multibwa.sh /data /data/References/Broad_UMI /data/References/Broad_UMI/Human_RefSeq /data/Aligns 24 20 8,2,0,23,start.sh,72,1,298,2281472,164
1520,1572140752,2019_10_27__01_45_52.json,0,18828,1165791,/bin/bash /usr/local/bin/start.sh multibwa.sh /data /data/References/Broad_UMI /data/References/Broad_UMI/Human_RefSeq /data/Aligns 24 20 8,2,0,23,start.sh,72,1,298,2281472,164
1521,1572140754,2019_10_27__01_45_54.json,0,18828,1165791,/bin/bash /usr/local/bin/start.sh multibwa.sh /data /data/References/Broad_UMI /data/References/Broad_UMI/Human_RefSeq /data/Aligns 24 20 8,2,0,23,start.sh,72,1,298,2281472,164
1522,1572140756,2019_10_27__01_45_56.json,0,18828,1165791,/bin/bash /usr/local/bin/start.sh multibwa.sh /data /data/References/Broad_UMI /data/References/Broad_UMI/Human_RefSeq /data/Aligns 24 20 8,2,0,23,start.sh,72,1,298,2281472,164
1523,1572140757,2019_10_27__01_45_57.json,0,18828,1165791,/bin/bash /usr/local/bin/start.sh multibwa.sh /data /data/References/Broad_UMI /data/References/Broad_UMI/Human_RefSeq /data/Aligns 24 20 8,2,0,23,start.sh,72,1,298,2281472,164
1524,1572140759,2019_10_27__01_45_59.json,0,18828,1165791,/bin/bash /usr/local/bin/start.sh multibwa.sh /data /data/References/Broad_UMI /data/References/Broad_UMI/Human_RefSeq /data/Aligns 24 20 8,2,0,23,start.sh,72,1,298,2281472,164
1525,1572140761,2019_10_27__01_46_01.json,0,18828,1165791,/bin/bash /usr/local/bin/start.sh multibwa.sh /data /data/References/Broad_UMI /data/References/Broad_UMI/Human_RefSeq /data/Aligns 24 20 8,2,0,23,start.sh,72,1,298,2281472,164
1526,1572140762,2019_10_27__01_46_02.json,0,18828,1165791,/bin/bash /usr/local/bin/start.sh multibwa.sh /data /data/References/Broad_UMI /data/References/Broad_UMI/Human_RefSeq /data/Aligns 24 20 8,2,0,23,start.sh,72,1,298,2281472,164
1527,1572140764,2019_10_27__01_46_04.json,0,18828,1165791,/bin/bash /usr/local/bin/start.sh multibwa.sh /data /data/References/Broad_UMI /data/References/Broad_UMI/Human_RefSeq /data/Aligns 24 20 8,2,0,23,start.sh,72,1,298,2281472,164
1528,1572140766,2019_10_27__01_46_06.json,0,18828,1165791,/bin/bash /usr/local/bin/start.sh multibwa.sh /data /data/References/Broad_UMI /data/References/Broad_UMI/Human_RefSeq /data/Aligns 24 20 8,2,0,23,start.sh,72,1,298,2281472,164
1529,1572140768,2019_10_27__01_46_08.json,0,18828,1165791,/bin/bash /usr/local/bin/start.sh multibwa.sh /data /data/References/Broad_UMI /data/References/Broad_UMI/Human_RefSeq /data/Aligns 24 20 8,2,0,23,start.sh,72,1,298,2281472,164
1530,1572140769,2019_10_27__01_46_09.json,0,18828,1165791,/bin/bash /usr/local/bin/start.sh multibwa.sh /data /data/References/Broad_UMI /data/References/Broad_UMI/Human_RefSeq /data/Aligns 24 20 8,2,0,23,start.sh,72,1,298,2281472,164
1531,1572140771,2019_10_27__01_46_11.json,0,18828,1165791,/bin/bash /usr/local/bin/start.sh multibwa.sh /data /data/References/Broad_UMI /data/References/Broad_UMI/Human_RefSeq /data/Aligns 24 20 8,2,0,23,start.sh,72,1,298,2281472,164
1532,1572140773,2019_10_27__01_46_13.json,0,18828,1165791,/bin/bash /usr/local/bin/start.sh multibwa.sh /data /data/References/Broad_UMI /data/References/Broad_UMI/Human_RefSeq /data/Aligns 24 20 8,2,0,23,start.sh,72,1,298,2281472,164
1533,1572140774,2019_10_27__01_46_14.json,0,18828,1165791,/bin/bash /usr/local/bin/start.sh multibwa.sh /data /data/References/Broad_UMI /data/References/Broad_UMI/Human_RefSeq /data/Aligns 24 20 8,2,0,23,start.sh,72,1,298,2281472,164
1534,1572140776,2019_10_27__01_46_16.json,0,18828,1165791,/bin/bash /usr/local/bin/start.sh multibwa.sh /data /data/References/Broad_UMI /data/References/Broad_UMI/Human_RefSeq /data/Aligns 24 20 8,2,0,23,start.sh,72,1,298,2281472,164
1535,1572140778,2019_10_27__01_46_18.json,0,18828,1165791,/bin/bash /usr/local/bin/start.sh multibwa.sh /data /data/References/Broad_UMI /data/References/Broad_UMI/Human_RefSeq /data/Aligns 24 20 8,2,0,23,start.sh,72,1,298,2281472,164
1536,1572140779,2019_10_27__01_46_19.json,0,18828,1165791,/bin/bash /usr/local/bin/start.sh multibwa.sh /data /data/References/Broad_UMI /data/References/Broad_UMI/Human_RefSeq /data/Aligns 24 20 8,2,0,23,start.sh,72,1,298,2281472,164
1537,1572140781,2019_10_27__01_46_21.json,0,18828,1165791,/bin/bash /usr/local/bin/start.sh multibwa.sh /data /data/References/Broad_UMI /data/References/Broad_UMI/Human_RefSeq /data/Aligns 24 20 8,2,0,23,start.sh,72,1,298,2281472,164
1538,1572140783,2019_10_27__01_46_23.json,0,18828,1165791,/bin/bash /usr/local/bin/start.sh multibwa.sh /data /data/References/Broad_UMI /data/References/Broad_UMI/Human_RefSeq /data/Aligns 24 20 8,2,0,23,start.sh,72,1,298,2281472,164
1539,1572140785,2019_10_27__01_46_25.json,0,18828,1165791,/bin/bash /usr/local/bin/start.sh multibwa.sh /data /data/References/Broad_UMI /data/References/Broad_UMI/Human_RefSeq /data/Aligns 24 20 8,2,0,23,start.sh,72,1,298,2281472,164
1540,1572140786,2019_10_27__01_46_26.json,0,18828,1165791,/bin/bash /usr/local/bin/start.sh multibwa.sh /data /data/References/Broad_UMI /data/References/Broad_UMI/Human_RefSeq /data/Aligns 24 20 8,2,0,23,start.sh,72,1,298,2281472,164
1541,1572140788,2019_10_27__01_46_28.json,0,18828,1165791,/bin/bash /usr/local/bin/start.sh multibwa.sh /data /data/References/Broad_UMI /data/References/Broad_UMI/Human_RefSeq /data/Aligns 24 20 8,2,0,23,start.sh,72,1,298,2281472,164
1542,1572140790,2019_10_27__01_46_30.json,0,18828,1165791,/bin/bash /usr/local/bin/start.sh multibwa.sh /data /data/References/Broad_UMI /data/References/Broad_UMI/Human_RefSeq /data/Aligns 24 20 8,2,0,23,start.sh,72,1,298,2281472,164
1543,1572140791,2019_10_27__01_46_31.json,0,18828,1165791,/bin/bash /usr/local/bin/start.sh multibwa.sh /data /data/References/Broad_UMI /data/References/Broad_UMI/Human_RefSeq /data/Aligns 24 20 8,2,0,23,start.sh,72,1,298,2281472,164
1544,1572140793,2019_10_27__01_46_33.json,0,18828,1165791,/bin/bash /usr/local/bin/start.sh multibwa.sh /data /data/References/Broad_UMI /data/References/Broad_UMI/Human_RefSeq /data/Aligns 24 20 8,2,0,23,start.sh,72,1,298,2281472,164
1545,1572140795,2019_10_27__01_46_35.json,0,18828,1165791,/bin/bash /usr/local/bin/start.sh multibwa.sh /data /data/References/Broad_UMI /data/References/Broad_UMI/Human_RefSeq /data/Aligns 24 20 8,2,0,23,start.sh,72,1,298,2281472,164
1546,1572140797,2019_10_27__01_46_37.json,0,18828,1165791,/bin/bash /usr/local/bin/start.sh multibwa.sh /data /data/References/Broad_UMI /data/References/Broad_UMI/Human_RefSeq /data/Aligns 24 20 8,2,0,23,start.sh,72,1,298,2281472,164
1547,1572140798,2019_10_27__01_46_38.json,0,18828,1165791,/bin/bash /usr/local/bin/start.sh multibwa.sh /data /data/References/Broad_UMI /data/References/Broad_UMI/Human_RefSeq /data/Aligns 24 20 8,2,0,23,start.sh,72,1,298,2281472,164
1548,1572140800,2019_10_27__01_46_40.json,0,18828,1165791,/bin/bash /usr/local/bin/start.sh multibwa.sh /data /data/References/Broad_UMI /data/References/Broad_UMI/Human_RefSeq /data/Aligns 24 20 8,2,0,23,start.sh,72,1,298,2281472,164
1549,1572140802,2019_10_27__01_46_42.json,0,18828,1165791,/bin/bash /usr/local/bin/start.sh multibwa.sh /data /data/References/Broad_UMI /data/References/Broad_UMI/Human_RefSeq /data/Aligns 24 20 8,2,0,23,start.sh,72,1,298,2281472,164
1550,1572140803,2019_10_27__01_46_43.json,0,18828,1165791,/bin/bash /usr/local/bin/start.sh multibwa.sh /data /data/References/Broad_UMI /data/References/Broad_UMI/Human_RefSeq /data/Aligns 24 20 8,2,0,23,start.sh,72,1,298,2281472,164
1551,1572140805,2019_10_27__01_46_45.json,0,18828,1165791,/bin/bash /usr/local/bin/start.sh multibwa.sh /data /data/References/Broad_UMI /data/References/Broad_UMI/Human_RefSeq /data/Aligns 24 20 8,2,0,23,start.sh,72,1,298,2281472,164
1552,1572140807,2019_10_27__01_46_47.json,0,18828,1165791,/bin/bash /usr/local/bin/start.sh multibwa.sh /data /data/References/Broad_UMI /data/References/Broad_UMI/Human_RefSeq /data/Aligns 24 20 8,2,0,23,start.sh,72,1,298,2281472,164
1553,1572140809,2019_10_27__01_46_49.json,0,18828,1165791,/bin/bash /usr/local/bin/start.sh multibwa.sh /data /data/References/Broad_UMI /data/References/Broad_UMI/Human_RefSeq /data/Aligns 24 20 8,2,0,23,start.sh,72,1,298,2281472,164
1554,1572140810,2019_10_27__01_46_50.json,0,18828,1165791,/bin/bash /usr/local/bin/start.sh multibwa.sh /data /data/References/Broad_UMI /data/References/Broad_UMI/Human_RefSeq /data/Aligns 24 20 8,2,0,23,start.sh,72,1,298,2281472,164
1555,1572140812,2019_10_27__01_46_52.json,0,18828,1165791,/bin/bash /usr/local/bin/start.sh multibwa.sh /data /data/References/Broad_UMI /data/References/Broad_UMI/Human_RefSeq /data/Aligns 24 20 8,2,0,23,start.sh,72,1,298,2281472,164
1556,1572140814,2019_10_27__01_46_54.json,0,18828,1165791,/bin/bash /usr/local/bin/start.sh multibwa.sh /data /data/References/Broad_UMI /data/References/Broad_UMI/Human_RefSeq /data/Aligns 24 20 8,2,0,23,start.sh,72,1,298,2281472,164
1557,1572140815,2019_10_27__01_46_55.json,0,18828,1165791,/bin/bash /usr/local/bin/start.sh multibwa.sh /data /data/References/Broad_UMI /data/References/Broad_UMI/Human_RefSeq /data/Aligns 24 20 8,2,0,23,start.sh,72,1,298,2281472,164
1558,1572140817,2019_10_27__01_46_57.json,0,18828,1165791,/bin/bash /usr/local/bin/start.sh multibwa.sh /data /data/References/Broad_UMI /data/References/Broad_UMI/Human_RefSeq /data/Aligns 24 20 8,2,0,23,start.sh,72,1,298,2281472,164
1559,1572140819,2019_10_27__01_46_59.json,0,18828,1165791,/bin/bash /usr/local/bin/start.sh multibwa.sh /data /data/References/Broad_UMI /data/References/Broad_UMI/Human_RefSeq /data/Aligns 24 20 8,2,0,23,start.sh,72,1,298,2281472,164
1560,1572140820,2019_10_27__01_47_00.json,0,18828,1165791,/bin/bash /usr/local/bin/start.sh multibwa.sh /data /data/References/Broad_UMI /data/References/Broad_UMI/Human_RefSeq /data/Aligns 24 20 8,2,0,23,start.sh,72,1,298,2281472,164
1561,1572140822,2019_10_27__01_47_02.json,0,18828,1165791,/bin/bash /usr/local/bin/start.sh multibwa.sh /data /data/References/Broad_UMI /data/References/Broad_UMI/Human_RefSeq /data/Aligns 24 20 8,2,0,23,start.sh,72,1,298,2281472,164
1562,1572140824,2019_10_27__01_47_04.json,0,18828,1165791,/bin/bash /usr/local/bin/start.sh multibwa.sh /data /data/References/Broad_UMI /data/References/Broad_UMI/Human_RefSeq /data/Aligns 24 20 8,2,0,23,start.sh,72,1,298,2281472,164
1563,1572140825,2019_10_27__01_47_05.json,0,18828,1165791,/bin/bash /usr/local/bin/start.sh multibwa.sh /data /data/References/Broad_UMI /data/References/Broad_UMI/Human_RefSeq /data/Aligns 24 20 8,2,0,23,start.sh,72,1,298,2281472,164
1564,1572140827,2019_10_27__01_47_07.json,0,18828,1165791,/bin/bash /usr/local/bin/start.sh multibwa.sh /data /data/References/Broad_UMI /data/References/Broad_UMI/Human_RefSeq /data/Aligns 24 20 8,2,0,23,start.sh,72,1,298,2281472,164
1565,1572140828,2019_10_27__01_47_08.json,0,18828,1165791,/bin/bash /usr/local/bin/start.sh multibwa.sh /data /data/References/Broad_UMI /data/References/Broad_UMI/Human_RefSeq /data/Aligns 24 20 8,2,0,23,start.sh,72,1,298,2281472,164
1566,1572140830,2019_10_27__01_47_10.json,0,18828,1165791,/bin/bash /usr/local/bin/start.sh multibwa.sh /data /data/References/Broad_UMI /data/References/Broad_UMI/Human_RefSeq /data/Aligns 24 20 8,2,0,23,start.sh,72,1,298,2281472,164
1567,1572140831,2019_10_27__01_47_11.json,0,18828,1165791,/bin/bash /usr/local/bin/start.sh multibwa.sh /data /data/References/Broad_UMI /data/References/Broad_UMI/Human_RefSeq /data/Aligns 24 20 8,2,0,23,start.sh,72,1,298,2281472,164
1568,1572140833,2019_10_27__01_47_13.json,0,18828,1165791,/bin/bash /usr/local/bin/start.sh multibwa.sh /data /data/References/Broad_UMI /data/References/Broad_UMI/Human_RefSeq /data/Aligns 24 20 8,2,0,23,start.sh,72,1,298,2281472,164
1569,1572140834,2019_10_27__01_47_14.json,0,18828,1165791,/bin/bash /usr/local/bin/start.sh multibwa.sh /data /data/References/Broad_UMI /data/References/Broad_UMI/Human_RefSeq /data/Aligns 24 20 8,2,0,23,start.sh,72,1,298,2281472,164
1570,1572140836,2019_10_27__01_47_16.json,0,18828,1165791,/bin/bash /usr/local/bin/start.sh multibwa.sh /data /data/References/Broad_UMI /data/References/Broad_UMI/Human_RefSeq /data/Aligns 24 20 8,2,0,23,start.sh,72,1,298,2281472,164
1571,1572140837,2019_10_27__01_47_17.json,0,18828,1165791,/bin/bash /usr/local/bin/start.sh multibwa.sh /data /data/References/Broad_UMI /data/References/Broad_UMI/Human_RefSeq /data/Aligns 24 20 8,2,0,23,start.sh,72,1,298,2281472,164
1572,1572140838,2019_10_27__01_47_18.json,0,18828,1165791,/bin/bash /usr/local/bin/start.sh multibwa.sh /data /data/References/Broad_UMI /data/References/Broad_UMI/Human_RefSeq /data/Aligns 24 20 8,2,0,23,start.sh,72,1,298,2281472,164
1573,1572140840,2019_10_27__01_47_20.json,0,18828,1165791,/bin/bash /usr/local/bin/start.sh multibwa.sh /data /data/References/Broad_UMI /data/References/Broad_UMI/Human_RefSeq /data/Aligns 24 20 8,2,0,23,start.sh,72,1,298,2281472,164
1574,1572140841,2019_10_27__01_47_21.json,0,18828,1165791,/bin/bash /usr/local/bin/start.sh multibwa.sh /data /data/References/Broad_UMI /data/References/Broad_UMI/Human_RefSeq /data/Aligns 24 20 8,2,0,23,start.sh,72,1,298,2281472,164
1575,1572140843,2019_10_27__01_47_23.json,0,18828,1165791,/bin/bash /usr/local/bin/start.sh multibwa.sh /data /data/References/Broad_UMI /data/References/Broad_UMI/Human_RefSeq /data/Aligns 24 20 8,2,0,23,start.sh,72,1,298,2281472,164
1576,1572140844,2019_10_27__01_47_24.json,0,18828,1165791,/bin/bash /usr/local/bin/start.sh multibwa.sh /data /data/References/Broad_UMI /data/References/Broad_UMI/Human_RefSeq /data/Aligns 24 20 8,2,0,23,start.sh,72,1,298,2281472,164
1577,1572140846,2019_10_27__01_47_26.json,0,18828,1165791,/bin/bash /usr/local/bin/start.sh multibwa.sh /data /data/References/Broad_UMI /data/References/Broad_UMI/Human_RefSeq /data/Aligns 24 20 8,2,0,23,start.sh,72,1,298,2281472,164
1578,1572140847,2019_10_27__01_47_27.json,0,18828,1165791,/bin/bash /usr/local/bin/start.sh multibwa.sh /data /data/References/Broad_UMI /data/References/Broad_UMI/Human_RefSeq /data/Aligns 24 20 8,2,0,23,start.sh,72,1,298,2281472,164
1579,1572140849,2019_10_27__01_47_29.json,0,18828,1165791,/bin/bash /usr/local/bin/start.sh multibwa.sh /data /data/References/Broad_UMI /data/References/Broad_UMI/Human_RefSeq /data/Aligns 24 20 8,2,0,23,start.sh,72,1,298,2281472,164
1580,1572140850,2019_10_27__01_47_30.json,0,18828,1165791,/bin/bash /usr/local/bin/start.sh multibwa.sh /data /data/References/Broad_UMI /data/References/Broad_UMI/Human_RefSeq /data/Aligns 24 20 8,2,0,23,start.sh,72,1,298,2281472,164
1581,1572140852,2019_10_27__01_47_32.json,0,18828,1165791,/bin/bash /usr/local/bin/start.sh multibwa.sh /data /data/References/Broad_UMI /data/References/Broad_UMI/Human_RefSeq /data/Aligns 24 20 8,2,0,23,start.sh,72,1,298,2281472,164
1582,1572140853,2019_10_27__01_47_33.json,0,18828,1165791,/bin/bash /usr/local/bin/start.sh multibwa.sh /data /data/References/Broad_UMI /data/References/Broad_UMI/Human_RefSeq /data/Aligns 24 20 8,2,0,23,start.sh,72,1,298,2281472,164
1583,1572140855,2019_10_27__01_47_35.json,0,18828,1165791,/bin/bash /usr/local/bin/start.sh multibwa.sh /data /data/References/Broad_UMI /data/References/Broad_UMI/Human_RefSeq /data/Aligns 24 20 8,2,0,23,start.sh,72,1,298,2281472,164
1584,1572140856,2019_10_27__01_47_36.json,0,18828,1165791,/bin/bash /usr/local/bin/start.sh multibwa.sh /data /data/References/Broad_UMI /data/References/Broad_UMI/Human_RefSeq /data/Aligns 24 20 8,2,0,23,start.sh,72,1,298,2281472,164
1585,1572140858,2019_10_27__01_47_38.json,0,18828,1165791,/bin/bash /usr/local/bin/start.sh multibwa.sh /data /data/References/Broad_UMI /data/References/Broad_UMI/Human_RefSeq /data/Aligns 24 20 8,2,0,23,start.sh,72,1,298,2281472,164
1586,1572140859,2019_10_27__01_47_39.json,0,18828,1165791,/bin/bash /usr/local/bin/start.sh multibwa.sh /data /data/References/Broad_UMI /data/References/Broad_UMI/Human_RefSeq /data/Aligns 24 20 8,2,0,23,start.sh,72,1,298,2281472,164
1587,1572140861,2019_10_27__01_47_41.json,0,18828,1165791,/bin/bash /usr/local/bin/start.sh multibwa.sh /data /data/References/Broad_UMI /data/References/Broad_UMI/Human_RefSeq /data/Aligns 24 20 8,2,0,23,start.sh,72,1,298,2281472,164
1588,1572140862,2019_10_27__01_47_42.json,0,18828,1165791,/bin/bash /usr/local/bin/start.sh multibwa.sh /data /data/References/Broad_UMI /data/References/Broad_UMI/Human_RefSeq /data/Aligns 24 20 8,2,0,23,start.sh,72,1,298,2281472,164
1589,1572140864,2019_10_27__01_47_44.json,0,18828,1165791,/bin/bash /usr/local/bin/start.sh multibwa.sh /data /data/References/Broad_UMI /data/References/Broad_UMI/Human_RefSeq /data/Aligns 24 20 8,2,0,23,start.sh,72,1,298,2281472,164
1590,1572140865,2019_10_27__01_47_45.json,0,18828,1165791,/bin/bash /usr/local/bin/start.sh multibwa.sh /data /data/References/Broad_UMI /data/References/Broad_UMI/Human_RefSeq /data/Aligns 24 20 8,2,0,23,start.sh,72,1,298,2281472,164
1591,1572140867,2019_10_27__01_47_47.json,0,18828,1165791,/bin/bash /usr/local/bin/start.sh multibwa.sh /data /data/References/Broad_UMI /data/References/Broad_UMI/Human_RefSeq /data/Aligns 24 20 8,2,0,23,start.sh,72,1,298,2281472,164
1592,1572140868,2019_10_27__01_47_48.json,0,18828,1165791,/bin/bash /usr/local/bin/start.sh multibwa.sh /data /data/References/Broad_UMI /data/References/Broad_UMI/Human_RefSeq /data/Aligns 24 20 8,2,0,23,start.sh,72,1,298,2281472,164
1593,1572140870,2019_10_27__01_47_50.json,0,18828,1165791,/bin/bash /usr/local/bin/start.sh multibwa.sh /data /data/References/Broad_UMI /data/References/Broad_UMI/Human_RefSeq /data/Aligns 24 20 8,2,0,23,start.sh,72,1,298,2281472,164
1594,1572140871,2019_10_27__01_47_51.json,0,18828,1165791,/bin/bash /usr/local/bin/start.sh multibwa.sh /data /data/References/Broad_UMI /data/References/Broad_UMI/Human_RefSeq /data/Aligns 24 20 8,2,0,23,start.sh,72,1,298,2281472,164
1595,1572140873,2019_10_27__01_47_53.json,0,18828,1165791,/bin/bash /usr/local/bin/start.sh multibwa.sh /data /data/References/Broad_UMI /data/References/Broad_UMI/Human_RefSeq /data/Aligns 24 20 8,2,0,23,start.sh,72,1,298,2281472,164
1596,1572140874,2019_10_27__01_47_54.json,0,18828,1165791,/bin/bash /usr/local/bin/start.sh multibwa.sh /data /data/References/Broad_UMI /data/References/Broad_UMI/Human_RefSeq /data/Aligns 24 20 8,2,0,23,start.sh,72,1,298,2281472,164
1597,1572140876,2019_10_27__01_47_56.json,0,18828,1165791,/bin/bash /usr/local/bin/start.sh multibwa.sh /data /data/References/Broad_UMI /data/References/Broad_UMI/Human_RefSeq /data/Aligns 24 20 8,2,0,23,start.sh,72,1,298,2281472,164
1598,1572140877,2019_10_27__01_47_57.json,0,18828,1165791,/bin/bash /usr/local/bin/start.sh multibwa.sh /data /data/References/Broad_UMI /data/References/Broad_UMI/Human_RefSeq /data/Aligns 24 20 8,2,0,23,start.sh,72,1,298,2281472,164
1599,1572140879,2019_10_27__01_47_59.json,0,18828,1165791,/bin/bash /usr/local/bin/start.sh multibwa.sh /data /data/References/Broad_UMI /data/References/Broad_UMI/Human_RefSeq /data/Aligns 24 20 8,2,0,23,start.sh,72,1,298,2281472,164
1600,1572140880,2019_10_27__01_48_00.json,0,18828,1165791,/bin/bash /usr/local/bin/start.sh multibwa.sh /data /data/References/Broad_UMI /data/References/Broad_UMI/Human_RefSeq /data/Aligns 24 20 8,2,0,23,start.sh,72,1,298,2281472,164
1601,1572140882,2019_10_27__01_48_02.json,0,18828,1165791,/bin/bash /usr/local/bin/start.sh multibwa.sh /data /data/References/Broad_UMI /data/References/Broad_UMI/Human_RefSeq /data/Aligns 24 20 8,2,0,23,start.sh,72,1,298,2281472,164
1602,1572140883,2019_10_27__01_48_03.json,0,18828,1165791,/bin/bash /usr/local/bin/start.sh multibwa.sh /data /data/References/Broad_UMI /data/References/Broad_UMI/Human_RefSeq /data/Aligns 24 20 8,2,0,23,start.sh,72,1,298,2281472,164
1603,1572140885,2019_10_27__01_48_05.json,0,18828,1165791,/bin/bash /usr/local/bin/start.sh multibwa.sh /data /data/References/Broad_UMI /data/References/Broad_UMI/Human_RefSeq /data/Aligns 24 20 8,2,0,23,start.sh,72,1,298,2281472,164
1604,1572140886,2019_10_27__01_48_06.json,0,18828,1165791,/bin/bash /usr/local/bin/start.sh multibwa.sh /data /data/References/Broad_UMI /data/References/Broad_UMI/Human_RefSeq /data/Aligns 24 20 8,2,0,23,start.sh,72,1,298,2281472,164
1605,1572140887,2019_10_27__01_48_07.json,0,18828,1165791,/bin/bash /usr/local/bin/start.sh multibwa.sh /data /data/References/Broad_UMI /data/References/Broad_UMI/Human_RefSeq /data/Aligns 24 20 8,2,0,23,start.sh,72,1,298,2281472,164
1606,1572140889,2019_10_27__01_48_09.json,0,18828,1165791,/bin/bash /usr/local/bin/start.sh multibwa.sh /data /data/References/Broad_UMI /data/References/Broad_UMI/Human_RefSeq /data/Aligns 24 20 8,2,0,23,start.sh,72,1,298,2281472,164
1607,1572140890,2019_10_27__01_48_10.json,0,18828,1165791,/bin/bash /usr/local/bin/start.sh multibwa.sh /data /data/References/Broad_UMI /data/References/Broad_UMI/Human_RefSeq /data/Aligns 24 20 8,2,0,23,start.sh,72,1,298,2281472,164
1608,1572140892,2019_10_27__01_48_12.json,0,18828,1165791,/bin/bash /usr/local/bin/start.sh multibwa.sh /data /data/References/Broad_UMI /data/References/Broad_UMI/Human_RefSeq /data/Aligns 24 20 8,2,0,23,start.sh,72,1,298,2281472,164
1609,1572140893,2019_10_27__01_48_13.json,0,18828,1165791,/bin/bash /usr/local/bin/start.sh multibwa.sh /data /data/References/Broad_UMI /data/References/Broad_UMI/Human_RefSeq /data/Aligns 24 20 8,2,0,23,start.sh,72,1,298,2281472,164
1610,1572140895,2019_10_27__01_48_15.json,0,18828,1165791,/bin/bash /usr/local/bin/start.sh multibwa.sh /data /data/References/Broad_UMI /data/References/Broad_UMI/Human_RefSeq /data/Aligns 24 20 8,2,0,23,start.sh,72,1,298,2281472,164
1611,1572140897,2019_10_27__01_48_17.json,0,18828,1165791,/bin/bash /usr/local/bin/start.sh multibwa.sh /data /data/References/Broad_UMI /data/References/Broad_UMI/Human_RefSeq /data/Aligns 24 20 8,2,0,23,start.sh,72,1,298,2281472,164
1612,1572140898,2019_10_27__01_48_18.json,0,18828,1165791,/bin/bash /usr/local/bin/start.sh multibwa.sh /data /data/References/Broad_UMI /data/References/Broad_UMI/Human_RefSeq /data/Aligns 24 20 8,2,0,23,start.sh,72,1,298,2281472,164
1613,1572140900,2019_10_27__01_48_20.json,0,18828,1165791,/bin/bash /usr/local/bin/start.sh multibwa.sh /data /data/References/Broad_UMI /data/References/Broad_UMI/Human_RefSeq /data/Aligns 24 20 8,2,0,23,start.sh,72,1,298,2281472,164
1614,1572140901,2019_10_27__01_48_21.json,0,18828,1165791,/bin/bash /usr/local/bin/start.sh multibwa.sh /data /data/References/Broad_UMI /data/References/Broad_UMI/Human_RefSeq /data/Aligns 24 20 8,2,0,23,start.sh,72,1,298,2281472,164
1615,1572140903,2019_10_27__01_48_23.json,0,18828,1165791,/bin/bash /usr/local/bin/start.sh multibwa.sh /data /data/References/Broad_UMI /data/References/Broad_UMI/Human_RefSeq /data/Aligns 24 20 8,2,0,23,start.sh,72,1,298,2281472,164
1616,1572140904,2019_10_27__01_48_24.json,0,18828,1165791,/bin/bash /usr/local/bin/start.sh multibwa.sh /data /data/References/Broad_UMI /data/References/Broad_UMI/Human_RefSeq /data/Aligns 24 20 8,2,0,23,start.sh,72,1,298,2281472,164
1617,1572140905,2019_10_27__01_48_25.json,0,18828,1165791,/bin/bash /usr/local/bin/start.sh multibwa.sh /data /data/References/Broad_UMI /data/References/Broad_UMI/Human_RefSeq /data/Aligns 24 20 8,2,0,23,start.sh,72,1,298,2281472,164
1618,1572140907,2019_10_27__01_48_27.json,0,18828,1165791,/bin/bash /usr/local/bin/start.sh multibwa.sh /data /data/References/Broad_UMI /data/References/Broad_UMI/Human_RefSeq /data/Aligns 24 20 8,2,0,23,start.sh,72,1,298,2281472,164
1619,1572140908,2019_10_27__01_48_28.json,0,18828,1165791,/bin/bash /usr/local/bin/start.sh multibwa.sh /data /data/References/Broad_UMI /data/References/Broad_UMI/Human_RefSeq /data/Aligns 24 20 8,2,0,23,start.sh,72,1,298,2281472,164
1620,1572140910,2019_10_27__01_48_30.json,0,18828,1165791,/bin/bash /usr/local/bin/start.sh multibwa.sh /data /data/References/Broad_UMI /data/References/Broad_UMI/Human_RefSeq /data/Aligns 24 20 8,2,0,23,start.sh,72,1,298,2281472,164
1621,1572140911,2019_10_27__01_48_31.json,0,18828,1165791,/bin/bash /usr/local/bin/start.sh multibwa.sh /data /data/References/Broad_UMI /data/References/Broad_UMI/Human_RefSeq /data/Aligns 24 20 8,2,0,23,start.sh,72,1,298,2281472,164
1622,1572140913,2019_10_27__01_48_33.json,0,18828,1165791,/bin/bash /usr/local/bin/start.sh multibwa.sh /data /data/References/Broad_UMI /data/References/Broad_UMI/Human_RefSeq /data/Aligns 24 20 8,2,0,23,start.sh,72,1,298,2281472,164
1623,1572140914,2019_10_27__01_48_34.json,0,18828,1165791,/bin/bash /usr/local/bin/start.sh multibwa.sh /data /data/References/Broad_UMI /data/References/Broad_UMI/Human_RefSeq /data/Aligns 24 20 8,2,0,23,start.sh,72,1,298,2281472,164
1624,1572140916,2019_10_27__01_48_36.json,0,18828,1165791,/bin/bash /usr/local/bin/start.sh multibwa.sh /data /data/References/Broad_UMI /data/References/Broad_UMI/Human_RefSeq /data/Aligns 24 20 8,2,0,23,start.sh,72,1,298,2281472,164
1625,1572140917,2019_10_27__01_48_37.json,0,18828,1165791,/bin/bash /usr/local/bin/start.sh multibwa.sh /data /data/References/Broad_UMI /data/References/Broad_UMI/Human_RefSeq /data/Aligns 24 20 8,2,0,23,start.sh,72,1,298,2281472,164
1626,1572140919,2019_10_27__01_48_39.json,0,18828,1165791,/bin/bash /usr/local/bin/start.sh multibwa.sh /data /data/References/Broad_UMI /data/References/Broad_UMI/Human_RefSeq /data/Aligns 24 20 8,2,0,23,start.sh,72,1,298,2281472,164
1627,1572140920,2019_10_27__01_48_40.json,0,18828,1165791,/bin/bash /usr/local/bin/start.sh multibwa.sh /data /data/References/Broad_UMI /data/References/Broad_UMI/Human_RefSeq /data/Aligns 24 20 8,2,0,23,start.sh,72,1,298,2281472,164
1628,1572140922,2019_10_27__01_48_42.json,0,18828,1165791,/bin/bash /usr/local/bin/start.sh multibwa.sh /data /data/References/Broad_UMI /data/References/Broad_UMI/Human_RefSeq /data/Aligns 24 20 8,2,0,23,start.sh,72,1,298,2281472,164
1629,1572140923,2019_10_27__01_48_43.json,0,18828,1165791,/bin/bash /usr/local/bin/start.sh multibwa.sh /data /data/References/Broad_UMI /data/References/Broad_UMI/Human_RefSeq /data/Aligns 24 20 8,2,0,23,start.sh,72,1,298,2281472,164
1630,1572140925,2019_10_27__01_48_45.json,0,18828,1165791,/bin/bash /usr/local/bin/start.sh multibwa.sh /data /data/References/Broad_UMI /data/References/Broad_UMI/Human_RefSeq /data/Aligns 24 20 8,2,0,23,start.sh,72,1,298,2281472,164
1631,1572140926,2019_10_27__01_48_46.json,0,18828,1165791,/bin/bash /usr/local/bin/start.sh multibwa.sh /data /data/References/Broad_UMI /data/References/Broad_UMI/Human_RefSeq /data/Aligns 24 20 8,2,0,23,start.sh,72,1,298,2281472,164
1632,1572140928,2019_10_27__01_48_48.json,0,18828,1165791,/bin/bash /usr/local/bin/start.sh multibwa.sh /data /data/References/Broad_UMI /data/References/Broad_UMI/Human_RefSeq /data/Aligns 24 20 8,2,0,23,start.sh,72,1,298,2281472,164
1633,1572140929,2019_10_27__01_48_49.json,0,18828,1165791,/bin/bash /usr/local/bin/start.sh multibwa.sh /data /data/References/Broad_UMI /data/References/Broad_UMI/Human_RefSeq /data/Aligns 24 20 8,2,0,23,start.sh,72,1,298,2281472,164
1634,1572140931,2019_10_27__01_48_51.json,0,18828,1165791,/bin/bash /usr/local/bin/start.sh multibwa.sh /data /data/References/Broad_UMI /data/References/Broad_UMI/Human_RefSeq /data/Aligns 24 20 8,2,0,23,start.sh,72,1,298,2281472,164
1635,1572140932,2019_10_27__01_48_52.json,0,18828,1165791,/bin/bash /usr/local/bin/start.sh multibwa.sh /data /data/References/Broad_UMI /data/References/Broad_UMI/Human_RefSeq /data/Aligns 24 20 8,2,0,23,start.sh,72,1,298,2281472,164
1636,1572140934,2019_10_27__01_48_54.json,0,18828,1165791,/bin/bash /usr/local/bin/start.sh multibwa.sh /data /data/References/Broad_UMI /data/References/Broad_UMI/Human_RefSeq /data/Aligns 24 20 8,2,0,23,start.sh,72,1,298,2281472,164
1637,1572140935,2019_10_27__01_48_55.json,0,18828,1165791,/bin/bash /usr/local/bin/start.sh multibwa.sh /data /data/References/Broad_UMI /data/References/Broad_UMI/Human_RefSeq /data/Aligns 24 20 8,2,0,23,start.sh,72,1,298,2281472,164
1638,1572140937,2019_10_27__01_48_57.json,0,18828,1165791,/bin/bash /usr/local/bin/start.sh multibwa.sh /data /data/References/Broad_UMI /data/References/Broad_UMI/Human_RefSeq /data/Aligns 24 20 8,2,0,23,start.sh,72,1,298,2281472,164
1639,1572140938,2019_10_27__01_48_58.json,0,18828,1165791,/bin/bash /usr/local/bin/start.sh multibwa.sh /data /data/References/Broad_UMI /data/References/Broad_UMI/Human_RefSeq /data/Aligns 24 20 8,2,0,23,start.sh,72,1,298,2281472,164
1640,1572140940,2019_10_27__01_49_00.json,0,18828,1165791,/bin/bash /usr/local/bin/start.sh multibwa.sh /data /data/References/Broad_UMI /data/References/Broad_UMI/Human_RefSeq /data/Aligns 24 20 8,2,0,23,start.sh,72,1,298,2281472,164
1641,1572140941,2019_10_27__01_49_01.json,0,18828,1165791,/bin/bash /usr/local/bin/start.sh multibwa.sh /data /data/References/Broad_UMI /data/References/Broad_UMI/Human_RefSeq /data/Aligns 24 20 8,2,0,23,start.sh,72,1,298,2281472,164
1642,1572140942,2019_10_27__01_49_02.json,0,18828,1165791,/bin/bash /usr/local/bin/start.sh multibwa.sh /data /data/References/Broad_UMI /data/References/Broad_UMI/Human_RefSeq /data/Aligns 24 20 8,2,0,23,start.sh,72,1,298,2281472,164
1643,1572140944,2019_10_27__01_49_04.json,0,18828,1165791,/bin/bash /usr/local/bin/start.sh multibwa.sh /data /data/References/Broad_UMI /data/References/Broad_UMI/Human_RefSeq /data/Aligns 24 20 8,2,0,23,start.sh,72,1,298,2281472,164
1644,1572140945,2019_10_27__01_49_05.json,0,18828,1165791,/bin/bash /usr/local/bin/start.sh multibwa.sh /data /data/References/Broad_UMI /data/References/Broad_UMI/Human_RefSeq /data/Aligns 24 20 8,2,0,23,start.sh,72,1,298,2281472,164
1645,1572140946,2019_10_27__01_49_06.json,0,18828,1165791,/bin/bash /usr/local/bin/start.sh multibwa.sh /data /data/References/Broad_UMI /data/References/Broad_UMI/Human_RefSeq /data/Aligns 24 20 8,2,0,23,start.sh,72,1,298,2281472,164
1646,1572140948,2019_10_27__01_49_08.json,0,18828,1165791,/bin/bash /usr/local/bin/start.sh multibwa.sh /data /data/References/Broad_UMI /data/References/Broad_UMI/Human_RefSeq /data/Aligns 24 20 8,2,0,23,start.sh,72,1,298,2281472,164
1647,1572140949,2019_10_27__01_49_09.json,0,18828,1165791,/bin/bash /usr/local/bin/start.sh multibwa.sh /data /data/References/Broad_UMI /data/References/Broad_UMI/Human_RefSeq /data/Aligns 24 20 8,2,0,23,start.sh,72,1,298,2281472,164
1648,1572140950,2019_10_27__01_49_10.json,0,18828,1165791,/bin/bash /usr/local/bin/start.sh multibwa.sh /data /data/References/Broad_UMI /data/References/Broad_UMI/Human_RefSeq /data/Aligns 24 20 8,2,0,23,start.sh,72,1,298,2281472,164
1649,1572140952,2019_10_27__01_49_12.json,0,18828,1165791,/bin/bash /usr/local/bin/start.sh multibwa.sh /data /data/References/Broad_UMI /data/References/Broad_UMI/Human_RefSeq /data/Aligns 24 20 8,2,0,23,start.sh,72,1,298,2281472,164
1650,1572140953,2019_10_27__01_49_13.json,0,18828,1165791,/bin/bash /usr/local/bin/start.sh multibwa.sh /data /data/References/Broad_UMI /data/References/Broad_UMI/Human_RefSeq /data/Aligns 24 20 8,2,0,23,start.sh,72,1,298,2281472,164
1651,1572140954,2019_10_27__01_49_14.json,0,18828,1165791,/bin/bash /usr/local/bin/start.sh multibwa.sh /data /data/References/Broad_UMI /data/References/Broad_UMI/Human_RefSeq /data/Aligns 24 20 8,2,0,23,start.sh,72,1,298,2281472,164
1652,1572140956,2019_10_27__01_49_16.json,0,18828,1165791,/bin/bash /usr/local/bin/start.sh multibwa.sh /data /data/References/Broad_UMI /data/References/Broad_UMI/Human_RefSeq /data/Aligns 24 20 8,2,0,23,start.sh,72,1,298,2281472,164
1653,1572140957,2019_10_27__01_49_17.json,0,18828,1165791,/bin/bash /usr/local/bin/start.sh multibwa.sh /data /data/References/Broad_UMI /data/References/Broad_UMI/Human_RefSeq /data/Aligns 24 20 8,2,0,23,start.sh,72,1,298,2281472,164
1654,1572140959,2019_10_27__01_49_19.json,0,18828,1165791,/bin/bash /usr/local/bin/start.sh multibwa.sh /data /data/References/Broad_UMI /data/References/Broad_UMI/Human_RefSeq /data/Aligns 24 20 8,2,0,23,start.sh,72,1,298,2281472,164
1655,1572140960,2019_10_27__01_49_20.json,0,18828,1165791,/bin/bash /usr/local/bin/start.sh multibwa.sh /data /data/References/Broad_UMI /data/References/Broad_UMI/Human_RefSeq /data/Aligns 24 20 8,2,0,23,start.sh,72,1,298,2281472,164
1656,1572140961,2019_10_27__01_49_21.json,0,18828,1165791,/bin/bash /usr/local/bin/start.sh multibwa.sh /data /data/References/Broad_UMI /data/References/Broad_UMI/Human_RefSeq /data/Aligns 24 20 8,2,0,23,start.sh,72,1,298,2281472,164
1657,1572140963,2019_10_27__01_49_23.json,0,18828,1165791,/bin/bash /usr/local/bin/start.sh multibwa.sh /data /data/References/Broad_UMI /data/References/Broad_UMI/Human_RefSeq /data/Aligns 24 20 8,2,0,23,start.sh,72,1,298,2281472,164
1658,1572140964,2019_10_27__01_49_24.json,0,18828,1165791,/bin/bash /usr/local/bin/start.sh multibwa.sh /data /data/References/Broad_UMI /data/References/Broad_UMI/Human_RefSeq /data/Aligns 24 20 8,2,0,23,start.sh,72,1,298,2281472,164
1659,1572140965,2019_10_27__01_49_25.json,0,18828,1165791,/bin/bash /usr/local/bin/start.sh multibwa.sh /data /data/References/Broad_UMI /data/References/Broad_UMI/Human_RefSeq /data/Aligns 24 20 8,2,0,23,start.sh,72,1,298,2281472,164
1660,1572140967,2019_10_27__01_49_27.json,0,18828,1165791,/bin/bash /usr/local/bin/start.sh multibwa.sh /data /data/References/Broad_UMI /data/References/Broad_UMI/Human_RefSeq /data/Aligns 24 20 8,2,0,23,start.sh,72,1,298,2281472,164
1661,1572140968,2019_10_27__01_49_28.json,0,18828,1165791,/bin/bash /usr/local/bin/start.sh multibwa.sh /data /data/References/Broad_UMI /data/References/Broad_UMI/Human_RefSeq /data/Aligns 24 20 8,2,0,23,start.sh,72,1,298,2281472,164
1662,1572140969,2019_10_27__01_49_29.json,0,18828,1165791,/bin/bash /usr/local/bin/start.sh multibwa.sh /data /data/References/Broad_UMI /data/References/Broad_UMI/Human_RefSeq /data/Aligns 24 20 8,2,0,23,start.sh,72,1,298,2281472,164
1663,1572140971,2019_10_27__01_49_31.json,0,18828,1165791,/bin/bash /usr/local/bin/start.sh multibwa.sh /data /data/References/Broad_UMI /data/References/Broad_UMI/Human_RefSeq /data/Aligns 24 20 8,2,0,23,start.sh,72,1,298,2281472,164
1664,1572140972,2019_10_27__01_49_32.json,0,18828,1165791,/bin/bash /usr/local/bin/start.sh multibwa.sh /data /data/References/Broad_UMI /data/References/Broad_UMI/Human_RefSeq /data/Aligns 24 20 8,2,0,23,start.sh,72,1,298,2281472,164
1665,1572140973,2019_10_27__01_49_33.json,0,18828,1165791,/bin/bash /usr/local/bin/start.sh multibwa.sh /data /data/References/Broad_UMI /data/References/Broad_UMI/Human_RefSeq /data/Aligns 24 20 8,2,0,23,start.sh,72,1,298,2281472,164
1666,1572140974,2019_10_27__01_49_34.json,0,18828,1165791,/bin/bash /usr/local/bin/start.sh multibwa.sh /data /data/References/Broad_UMI /data/References/Broad_UMI/Human_RefSeq /data/Aligns 24 20 8,2,0,23,start.sh,72,1,298,2281472,164
1667,1572140976,2019_10_27__01_49_36.json,0,18828,1165791,/bin/bash /usr/local/bin/start.sh multibwa.sh /data /data/References/Broad_UMI /data/References/Broad_UMI/Human_RefSeq /data/Aligns 24 20 8,2,0,23,start.sh,72,1,298,2281472,164
1668,1572140977,2019_10_27__01_49_37.json,0,18828,1165791,/bin/bash /usr/local/bin/start.sh multibwa.sh /data /data/References/Broad_UMI /data/References/Broad_UMI/Human_RefSeq /data/Aligns 24 20 8,2,0,23,start.sh,72,1,298,2281472,164
1669,1572140978,2019_10_27__01_49_38.json,0,18828,1165791,/bin/bash /usr/local/bin/start.sh multibwa.sh /data /data/References/Broad_UMI /data/References/Broad_UMI/Human_RefSeq /data/Aligns 24 20 8,2,0,23,start.sh,72,1,298,2281472,164
1670,1572140980,2019_10_27__01_49_40.json,0,18828,1165791,/bin/bash /usr/local/bin/start.sh multibwa.sh /data /data/References/Broad_UMI /data/References/Broad_UMI/Human_RefSeq /data/Aligns 24 20 8,2,0,23,start.sh,72,1,298,2281472,164
1671,1572140981,2019_10_27__01_49_41.json,0,18828,1165791,/bin/bash /usr/local/bin/start.sh multibwa.sh /data /data/References/Broad_UMI /data/References/Broad_UMI/Human_RefSeq /data/Aligns 24 20 8,2,0,23,start.sh,72,1,298,2281472,164
1672,1572140982,2019_10_27__01_49_42.json,0,18828,1165791,/bin/bash /usr/local/bin/start.sh multibwa.sh /data /data/References/Broad_UMI /data/References/Broad_UMI/Human_RefSeq /data/Aligns 24 20 8,2,0,23,start.sh,72,1,298,2281472,164
1673,1572140984,2019_10_27__01_49_44.json,0,18828,1165791,/bin/bash /usr/local/bin/start.sh multibwa.sh /data /data/References/Broad_UMI /data/References/Broad_UMI/Human_RefSeq /data/Aligns 24 20 8,2,0,23,start.sh,72,1,298,2281472,164
1674,1572140985,2019_10_27__01_49_45.json,0,18828,1165791,/bin/bash /usr/local/bin/start.sh multibwa.sh /data /data/References/Broad_UMI /data/References/Broad_UMI/Human_RefSeq /data/Aligns 24 20 8,2,0,23,start.sh,72,1,298,2281472,164
1675,1572140986,2019_10_27__01_49_46.json,0,18828,1165791,/bin/bash /usr/local/bin/start.sh multibwa.sh /data /data/References/Broad_UMI /data/References/Broad_UMI/Human_RefSeq /data/Aligns 24 20 8,2,0,23,start.sh,72,1,298,2281472,164
1676,1572140988,2019_10_27__01_49_48.json,0,18828,1165791,/bin/bash /usr/local/bin/start.sh multibwa.sh /data /data/References/Broad_UMI /data/References/Broad_UMI/Human_RefSeq /data/Aligns 24 20 8,2,0,23,start.sh,72,1,298,2281472,164
1677,1572140989,2019_10_27__01_49_49.json,0,18828,1165791,/bin/bash /usr/local/bin/start.sh multibwa.sh /data /data/References/Broad_UMI /data/References/Broad_UMI/Human_RefSeq /data/Aligns 24 20 8,2,0,23,start.sh,72,1,298,2281472,164
1678,1572140990,2019_10_27__01_49_50.json,0,18828,1165791,/bin/bash /usr/local/bin/start.sh multibwa.sh /data /data/References/Broad_UMI /data/References/Broad_UMI/Human_RefSeq /data/Aligns 24 20 8,2,0,23,start.sh,72,1,298,2281472,164
1679,1572140992,2019_10_27__01_49_52.json,0,18828,1165791,/bin/bash /usr/local/bin/start.sh multibwa.sh /data /data/References/Broad_UMI /data/References/Broad_UMI/Human_RefSeq /data/Aligns 24 20 8,2,0,23,start.sh,72,1,298,2281472,164
1680,1572140993,2019_10_27__01_49_53.json,0,18828,1165791,/bin/bash /usr/local/bin/start.sh multibwa.sh /data /data/References/Broad_UMI /data/References/Broad_UMI/Human_RefSeq /data/Aligns 24 20 8,2,0,23,start.sh,72,1,298,2281472,164
1681,1572140994,2019_10_27__01_49_54.json,0,18828,1165791,/bin/bash /usr/local/bin/start.sh multibwa.sh /data /data/References/Broad_UMI /data/References/Broad_UMI/Human_RefSeq /data/Aligns 24 20 8,2,0,23,start.sh,72,1,298,2281472,164
1682,1572140996,2019_10_27__01_49_56.json,0,18828,1165791,/bin/bash /usr/local/bin/start.sh multibwa.sh /data /data/References/Broad_UMI /data/References/Broad_UMI/Human_RefSeq /data/Aligns 24 20 8,2,0,23,start.sh,72,1,298,2281472,164
1683,1572140997,2019_10_27__01_49_57.json,0,18828,1165791,/bin/bash /usr/local/bin/start.sh multibwa.sh /data /data/References/Broad_UMI /data/References/Broad_UMI/Human_RefSeq /data/Aligns 24 20 8,2,0,23,start.sh,72,1,298,2281472,164
1684,1572140998,2019_10_27__01_49_58.json,0,18828,1165791,/bin/bash /usr/local/bin/start.sh multibwa.sh /data /data/References/Broad_UMI /data/References/Broad_UMI/Human_RefSeq /data/Aligns 24 20 8,2,0,23,start.sh,72,1,298,2281472,164
1685,1572141000,2019_10_27__01_50_00.json,0,18828,1165791,/bin/bash /usr/local/bin/start.sh multibwa.sh /data /data/References/Broad_UMI /data/References/Broad_UMI/Human_RefSeq /data/Aligns 24 20 8,2,0,23,start.sh,72,1,298,2281472,164
1686,1572141001,2019_10_27__01_50_01.json,0,18828,1165791,/bin/bash /usr/local/bin/start.sh multibwa.sh /data /data/References/Broad_UMI /data/References/Broad_UMI/Human_RefSeq /data/Aligns 24 20 8,2,0,23,start.sh,72,1,298,2281472,164
1687,1572141002,2019_10_27__01_50_02.json,0,18828,1165791,/bin/bash /usr/local/bin/start.sh multibwa.sh /data /data/References/Broad_UMI /data/References/Broad_UMI/Human_RefSeq /data/Aligns 24 20 8,2,0,23,start.sh,72,1,298,2281472,164
1688,1572141004,2019_10_27__01_50_04.json,0,18828,1165791,/bin/bash /usr/local/bin/start.sh multibwa.sh /data /data/References/Broad_UMI /data/References/Broad_UMI/Human_RefSeq /data/Aligns 24 20 8,2,0,23,start.sh,72,1,298,2281472,164
1689,1572141005,2019_10_27__01_50_05.json,0,18828,1165791,/bin/bash /usr/local/bin/start.sh multibwa.sh /data /data/References/Broad_UMI /data/References/Broad_UMI/Human_RefSeq /data/Aligns 24 20 8,2,0,23,start.sh,72,1,298,2281472,164
1690,1572141006,2019_10_27__01_50_06.json,0,18828,1165791,/bin/bash /usr/local/bin/start.sh multibwa.sh /data /data/References/Broad_UMI /data/References/Broad_UMI/Human_RefSeq /data/Aligns 24 20 8,2,0,23,start.sh,72,1,298,2281472,164
1691,1572141008,2019_10_27__01_50_08.json,0,18828,1165791,/bin/bash /usr/local/bin/start.sh multibwa.sh /data /data/References/Broad_UMI /data/References/Broad_UMI/Human_RefSeq /data/Aligns 24 20 8,2,0,23,start.sh,72,1,298,2281472,164
1692,1572141009,2019_10_27__01_50_09.json,0,18828,1165791,/bin/bash /usr/local/bin/start.sh multibwa.sh /data /data/References/Broad_UMI /data/References/Broad_UMI/Human_RefSeq /data/Aligns 24 20 8,2,0,23,start.sh,72,1,298,2281472,164
1693,1572141010,2019_10_27__01_50_10.json,0,18828,1165791,/bin/bash /usr/local/bin/start.sh multibwa.sh /data /data/References/Broad_UMI /data/References/Broad_UMI/Human_RefSeq /data/Aligns 24 20 8,2,0,23,start.sh,72,1,298,2281472,164
1694,1572141012,2019_10_27__01_50_12.json,0,18828,1165791,/bin/bash /usr/local/bin/start.sh multibwa.sh /data /data/References/Broad_UMI /data/References/Broad_UMI/Human_RefSeq /data/Aligns 24 20 8,2,0,23,start.sh,72,1,298,2281472,164
1695,1572141013,2019_10_27__01_50_13.json,0,18828,1165791,/bin/bash /usr/local/bin/start.sh multibwa.sh /data /data/References/Broad_UMI /data/References/Broad_UMI/Human_RefSeq /data/Aligns 24 20 8,2,0,23,start.sh,72,1,298,2281472,164
1696,1572141014,2019_10_27__01_50_14.json,0,18828,1165791,/bin/bash /usr/local/bin/start.sh multibwa.sh /data /data/References/Broad_UMI /data/References/Broad_UMI/Human_RefSeq /data/Aligns 24 20 8,2,0,23,start.sh,72,1,298,2281472,164
1697,1572141016,2019_10_27__01_50_16.json,0,18828,1165791,/bin/bash /usr/local/bin/start.sh multibwa.sh /data /data/References/Broad_UMI /data/References/Broad_UMI/Human_RefSeq /data/Aligns 24 20 8,2,0,23,start.sh,72,1,298,2281472,164
1698,1572141017,2019_10_27__01_50_17.json,0,18828,1165791,/bin/bash /usr/local/bin/start.sh multibwa.sh /data /data/References/Broad_UMI /data/References/Broad_UMI/Human_RefSeq /data/Aligns 24 20 8,2,0,23,start.sh,72,1,298,2281472,164
1699,1572141018,2019_10_27__01_50_18.json,0,18828,1165791,/bin/bash /usr/local/bin/start.sh multibwa.sh /data /data/References/Broad_UMI /data/References/Broad_UMI/Human_RefSeq /data/Aligns 24 20 8,2,0,23,start.sh,72,1,298,2281472,164
1700,1572141020,2019_10_27__01_50_20.json,0,18828,1165791,/bin/bash /usr/local/bin/start.sh multibwa.sh /data /data/References/Broad_UMI /data/References/Broad_UMI/Human_RefSeq /data/Aligns 24 20 8,2,0,23,start.sh,72,1,298,2281472,164
1701,1572141021,2019_10_27__01_50_21.json,0,18828,1165791,/bin/bash /usr/local/bin/start.sh multibwa.sh /data /data/References/Broad_UMI /data/References/Broad_UMI/Human_RefSeq /data/Aligns 24 20 8,2,0,23,start.sh,72,1,298,2281472,164
1702,1572141022,2019_10_27__01_50_22.json,0,18828,1165791,/bin/bash /usr/local/bin/start.sh multibwa.sh /data /data/References/Broad_UMI /data/References/Broad_UMI/Human_RefSeq /data/Aligns 24 20 8,2,0,23,start.sh,72,1,298,2281472,164
1703,1572141024,2019_10_27__01_50_24.json,0,18828,1165791,/bin/bash /usr/local/bin/start.sh multibwa.sh /data /data/References/Broad_UMI /data/References/Broad_UMI/Human_RefSeq /data/Aligns 24 20 8,2,0,23,start.sh,72,1,298,2281472,164
1704,1572141025,2019_10_27__01_50_25.json,0,18828,1165791,/bin/bash /usr/local/bin/start.sh multibwa.sh /data /data/References/Broad_UMI /data/References/Broad_UMI/Human_RefSeq /data/Aligns 24 20 8,2,0,23,start.sh,72,1,298,2281472,164
1705,1572141026,2019_10_27__01_50_26.json,0,18828,1165791,/bin/bash /usr/local/bin/start.sh multibwa.sh /data /data/References/Broad_UMI /data/References/Broad_UMI/Human_RefSeq /data/Aligns 24 20 8,2,0,23,start.sh,72,1,298,2281472,164
1706,1572141028,2019_10_27__01_50_28.json,0,18828,1165791,/bin/bash /usr/local/bin/start.sh multibwa.sh /data /data/References/Broad_UMI /data/References/Broad_UMI/Human_RefSeq /data/Aligns 24 20 8,2,0,23,start.sh,72,1,298,2281472,164
1707,1572141029,2019_10_27__01_50_29.json,0,18828,1165791,/bin/bash /usr/local/bin/start.sh multibwa.sh /data /data/References/Broad_UMI /data/References/Broad_UMI/Human_RefSeq /data/Aligns 24 20 8,2,0,23,start.sh,72,1,298,2281472,164
1708,1572141030,2019_10_27__01_50_30.json,0,18828,1165791,/bin/bash /usr/local/bin/start.sh multibwa.sh /data /data/References/Broad_UMI /data/References/Broad_UMI/Human_RefSeq /data/Aligns 24 20 8,2,0,23,start.sh,72,1,298,2281472,164
1709,1572141032,2019_10_27__01_50_32.json,0,18828,1165791,/bin/bash /usr/local/bin/start.sh multibwa.sh /data /data/References/Broad_UMI /data/References/Broad_UMI/Human_RefSeq /data/Aligns 24 20 8,2,0,23,start.sh,72,1,298,2281472,164
1710,1572141033,2019_10_27__01_50_33.json,0,18828,1165791,/bin/bash /usr/local/bin/start.sh multibwa.sh /data /data/References/Broad_UMI /data/References/Broad_UMI/Human_RefSeq /data/Aligns 24 20 8,2,0,23,start.sh,72,1,298,2281472,164
1711,1572141034,2019_10_27__01_50_34.json,0,18828,1165791,/bin/bash /usr/local/bin/start.sh multibwa.sh /data /data/References/Broad_UMI /data/References/Broad_UMI/Human_RefSeq /data/Aligns 24 20 8,2,0,23,start.sh,72,1,298,2281472,164
1712,1572141036,2019_10_27__01_50_36.json,0,18828,1165791,/bin/bash /usr/local/bin/start.sh multibwa.sh /data /data/References/Broad_UMI /data/References/Broad_UMI/Human_RefSeq /data/Aligns 24 20 8,2,0,23,start.sh,72,1,298,2281472,164
1713,1572141037,2019_10_27__01_50_37.json,0,18828,1165791,/bin/bash /usr/local/bin/start.sh multibwa.sh /data /data/References/Broad_UMI /data/References/Broad_UMI/Human_RefSeq /data/Aligns 24 20 8,2,0,23,start.sh,72,1,298,2281472,164
1714,1572141038,2019_10_27__01_50_38.json,0,18828,1165791,/bin/bash /usr/local/bin/start.sh multibwa.sh /data /data/References/Broad_UMI /data/References/Broad_UMI/Human_RefSeq /data/Aligns 24 20 8,2,0,23,start.sh,72,1,298,2281472,164
1715,1572141040,2019_10_27__01_50_40.json,0,18828,1165791,/bin/bash /usr/local/bin/start.sh multibwa.sh /data /data/References/Broad_UMI /data/References/Broad_UMI/Human_RefSeq /data/Aligns 24 20 8,2,0,23,start.sh,72,1,298,2281472,164
1716,1572141041,2019_10_27__01_50_41.json,0,18828,1165791,/bin/bash /usr/local/bin/start.sh multibwa.sh /data /data/References/Broad_UMI /data/References/Broad_UMI/Human_RefSeq /data/Aligns 24 20 8,2,0,23,start.sh,72,1,298,2281472,164
1717,1572141042,2019_10_27__01_50_42.json,0,18828,1165791,/bin/bash /usr/local/bin/start.sh multibwa.sh /data /data/References/Broad_UMI /data/References/Broad_UMI/Human_RefSeq /data/Aligns 24 20 8,2,0,23,start.sh,72,1,298,2281472,164
1718,1572141044,2019_10_27__01_50_44.json,0,18828,1165791,/bin/bash /usr/local/bin/start.sh multibwa.sh /data /data/References/Broad_UMI /data/References/Broad_UMI/Human_RefSeq /data/Aligns 24 20 8,2,0,23,start.sh,72,1,298,2281472,164
1719,1572141045,2019_10_27__01_50_45.json,0,18828,1165791,/bin/bash /usr/local/bin/start.sh multibwa.sh /data /data/References/Broad_UMI /data/References/Broad_UMI/Human_RefSeq /data/Aligns 24 20 8,2,0,23,start.sh,72,1,298,2281472,164
1720,1572141047,2019_10_27__01_50_47.json,0,18828,1165791,/bin/bash /usr/local/bin/start.sh multibwa.sh /data /data/References/Broad_UMI /data/References/Broad_UMI/Human_RefSeq /data/Aligns 24 20 8,2,0,23,start.sh,72,1,298,2281472,164
1721,1572141048,2019_10_27__01_50_48.json,0,18828,1165791,/bin/bash /usr/local/bin/start.sh multibwa.sh /data /data/References/Broad_UMI /data/References/Broad_UMI/Human_RefSeq /data/Aligns 24 20 8,2,0,23,start.sh,72,1,298,2281472,164
1722,1572141050,2019_10_27__01_50_50.json,0,18828,1165791,/bin/bash /usr/local/bin/start.sh multibwa.sh /data /data/References/Broad_UMI /data/References/Broad_UMI/Human_RefSeq /data/Aligns 24 20 8,2,0,23,start.sh,72,1,298,2281472,164
1723,1572141051,2019_10_27__01_50_51.json,0,18828,1165791,/bin/bash /usr/local/bin/start.sh multibwa.sh /data /data/References/Broad_UMI /data/References/Broad_UMI/Human_RefSeq /data/Aligns 24 20 8,2,0,23,start.sh,72,1,298,2281472,164
1724,1572141052,2019_10_27__01_50_52.json,0,18828,1165791,/bin/bash /usr/local/bin/start.sh multibwa.sh /data /data/References/Broad_UMI /data/References/Broad_UMI/Human_RefSeq /data/Aligns 24 20 8,2,0,23,start.sh,72,1,298,2281472,164
1725,1572141054,2019_10_27__01_50_54.json,0,18828,1165791,/bin/bash /usr/local/bin/start.sh multibwa.sh /data /data/References/Broad_UMI /data/References/Broad_UMI/Human_RefSeq /data/Aligns 24 20 8,2,0,23,start.sh,72,1,298,2281472,164
1726,1572141055,2019_10_27__01_50_55.json,0,18828,1165791,/bin/bash /usr/local/bin/start.sh multibwa.sh /data /data/References/Broad_UMI /data/References/Broad_UMI/Human_RefSeq /data/Aligns 24 20 8,2,0,23,start.sh,72,1,298,2281472,164
1727,1572141056,2019_10_27__01_50_56.json,0,18828,1165791,/bin/bash /usr/local/bin/start.sh multibwa.sh /data /data/References/Broad_UMI /data/References/Broad_UMI/Human_RefSeq /data/Aligns 24 20 8,2,0,23,start.sh,72,1,298,2281472,164
1728,1572141057,2019_10_27__01_50_57.json,0,18828,1165791,/bin/bash /usr/local/bin/start.sh multibwa.sh /data /data/References/Broad_UMI /data/References/Broad_UMI/Human_RefSeq /data/Aligns 24 20 8,2,0,23,start.sh,72,1,298,2281472,164
1729,1572141059,2019_10_27__01_50_59.json,0,18828,1165791,/bin/bash /usr/local/bin/start.sh multibwa.sh /data /data/References/Broad_UMI /data/References/Broad_UMI/Human_RefSeq /data/Aligns 24 20 8,2,0,23,start.sh,72,1,298,2281472,164
1730,1572141060,2019_10_27__01_51_00.json,0,18828,1165791,/bin/bash /usr/local/bin/start.sh multibwa.sh /data /data/References/Broad_UMI /data/References/Broad_UMI/Human_RefSeq /data/Aligns 24 20 8,2,0,23,start.sh,72,1,298,2281472,164
1731,1572141061,2019_10_27__01_51_01.json,0,18828,1165791,/bin/bash /usr/local/bin/start.sh multibwa.sh /data /data/References/Broad_UMI /data/References/Broad_UMI/Human_RefSeq /data/Aligns 24 20 8,2,0,23,start.sh,72,1,298,2281472,164
1732,1572141063,2019_10_27__01_51_03.json,0,18828,1165791,/bin/bash /usr/local/bin/start.sh multibwa.sh /data /data/References/Broad_UMI /data/References/Broad_UMI/Human_RefSeq /data/Aligns 24 20 8,2,0,23,start.sh,72,1,298,2281472,164
1733,1572141064,2019_10_27__01_51_04.json,0,18828,1165791,/bin/bash /usr/local/bin/start.sh multibwa.sh /data /data/References/Broad_UMI /data/References/Broad_UMI/Human_RefSeq /data/Aligns 24 20 8,2,0,23,start.sh,72,1,298,2281472,164
1734,1572141065,2019_10_27__01_51_05.json,0,18828,1165791,/bin/bash /usr/local/bin/start.sh multibwa.sh /data /data/References/Broad_UMI /data/References/Broad_UMI/Human_RefSeq /data/Aligns 24 20 8,2,0,23,start.sh,72,1,298,2281472,164
1735,1572141067,2019_10_27__01_51_07.json,0,18828,1165791,/bin/bash /usr/local/bin/start.sh multibwa.sh /data /data/References/Broad_UMI /data/References/Broad_UMI/Human_RefSeq /data/Aligns 24 20 8,2,0,23,start.sh,72,1,298,2281472,164
1736,1572141068,2019_10_27__01_51_08.json,0,18828,1165791,/bin/bash /usr/local/bin/start.sh multibwa.sh /data /data/References/Broad_UMI /data/References/Broad_UMI/Human_RefSeq /data/Aligns 24 20 8,2,0,23,start.sh,72,1,298,2281472,164
1737,1572141069,2019_10_27__01_51_09.json,0,18828,1165791,/bin/bash /usr/local/bin/start.sh multibwa.sh /data /data/References/Broad_UMI /data/References/Broad_UMI/Human_RefSeq /data/Aligns 24 20 8,2,0,23,start.sh,72,1,298,2281472,164
1738,1572141071,2019_10_27__01_51_11.json,0,18828,1165791,/bin/bash /usr/local/bin/start.sh multibwa.sh /data /data/References/Broad_UMI /data/References/Broad_UMI/Human_RefSeq /data/Aligns 24 20 8,2,0,23,start.sh,72,1,298,2281472,164
1739,1572141072,2019_10_27__01_51_12.json,0,18828,1165791,/bin/bash /usr/local/bin/start.sh multibwa.sh /data /data/References/Broad_UMI /data/References/Broad_UMI/Human_RefSeq /data/Aligns 24 20 8,2,0,23,start.sh,72,1,298,2281472,164
1740,1572141073,2019_10_27__01_51_13.json,0,18828,1165791,/bin/bash /usr/local/bin/start.sh multibwa.sh /data /data/References/Broad_UMI /data/References/Broad_UMI/Human_RefSeq /data/Aligns 24 20 8,2,0,23,start.sh,72,1,298,2281472,164
1741,1572141075,2019_10_27__01_51_15.json,0,18828,1165791,/bin/bash /usr/local/bin/start.sh multibwa.sh /data /data/References/Broad_UMI /data/References/Broad_UMI/Human_RefSeq /data/Aligns 24 20 8,2,0,23,start.sh,72,1,298,2281472,164
1742,1572141076,2019_10_27__01_51_16.json,0,18828,1165791,/bin/bash /usr/local/bin/start.sh multibwa.sh /data /data/References/Broad_UMI /data/References/Broad_UMI/Human_RefSeq /data/Aligns 24 20 8,2,0,23,start.sh,72,1,298,2281472,164
1743,1572141077,2019_10_27__01_51_17.json,0,18828,1165791,/bin/bash /usr/local/bin/start.sh multibwa.sh /data /data/References/Broad_UMI /data/References/Broad_UMI/Human_RefSeq /data/Aligns 24 20 8,2,0,23,start.sh,72,1,298,2281472,164
1744,1572141079,2019_10_27__01_51_19.json,0,18828,1165791,/bin/bash /usr/local/bin/start.sh multibwa.sh /data /data/References/Broad_UMI /data/References/Broad_UMI/Human_RefSeq /data/Aligns 24 20 8,2,0,23,start.sh,72,1,298,2281472,164
1745,1572141080,2019_10_27__01_51_20.json,0,18828,1165791,/bin/bash /usr/local/bin/start.sh multibwa.sh /data /data/References/Broad_UMI /data/References/Broad_UMI/Human_RefSeq /data/Aligns 24 20 8,2,0,23,start.sh,72,1,298,2281472,164
1746,1572141081,2019_10_27__01_51_21.json,0,18828,1165791,/bin/bash /usr/local/bin/start.sh multibwa.sh /data /data/References/Broad_UMI /data/References/Broad_UMI/Human_RefSeq /data/Aligns 24 20 8,2,0,23,start.sh,72,1,298,2281472,164
1747,1572141083,2019_10_27__01_51_23.json,0,18828,1165791,/bin/bash /usr/local/bin/start.sh multibwa.sh /data /data/References/Broad_UMI /data/References/Broad_UMI/Human_RefSeq /data/Aligns 24 20 8,2,0,23,start.sh,72,1,298,2281472,164
1748,1572141084,2019_10_27__01_51_24.json,0,18828,1165791,/bin/bash /usr/local/bin/start.sh multibwa.sh /data /data/References/Broad_UMI /data/References/Broad_UMI/Human_RefSeq /data/Aligns 24 20 8,2,0,23,start.sh,72,1,298,2281472,164
1749,1572141085,2019_10_27__01_51_25.json,0,18828,1165791,/bin/bash /usr/local/bin/start.sh multibwa.sh /data /data/References/Broad_UMI /data/References/Broad_UMI/Human_RefSeq /data/Aligns 24 20 8,2,0,23,start.sh,72,1,298,2281472,164
1750,1572141087,2019_10_27__01_51_27.json,0,18828,1165791,/bin/bash /usr/local/bin/start.sh multibwa.sh /data /data/References/Broad_UMI /data/References/Broad_UMI/Human_RefSeq /data/Aligns 24 20 8,2,0,23,start.sh,72,1,298,2281472,164
1751,1572141088,2019_10_27__01_51_28.json,0,18828,1165791,/bin/bash /usr/local/bin/start.sh multibwa.sh /data /data/References/Broad_UMI /data/References/Broad_UMI/Human_RefSeq /data/Aligns 24 20 8,2,0,23,start.sh,72,1,298,2281472,164
1752,1572141089,2019_10_27__01_51_29.json,0,18828,1165791,/bin/bash /usr/local/bin/start.sh multibwa.sh /data /data/References/Broad_UMI /data/References/Broad_UMI/Human_RefSeq /data/Aligns 24 20 8,2,0,23,start.sh,72,1,298,2281472,164
1753,1572141091,2019_10_27__01_51_31.json,0,18828,1165791,/bin/bash /usr/local/bin/start.sh multibwa.sh /data /data/References/Broad_UMI /data/References/Broad_UMI/Human_RefSeq /data/Aligns 24 20 8,2,0,23,start.sh,72,1,298,2281472,164
1754,1572141092,2019_10_27__01_51_32.json,0,18828,1165791,/bin/bash /usr/local/bin/start.sh multibwa.sh /data /data/References/Broad_UMI /data/References/Broad_UMI/Human_RefSeq /data/Aligns 24 20 8,2,0,23,start.sh,72,1,298,2281472,164
1755,1572141093,2019_10_27__01_51_33.json,0,18828,1165791,/bin/bash /usr/local/bin/start.sh multibwa.sh /data /data/References/Broad_UMI /data/References/Broad_UMI/Human_RefSeq /data/Aligns 24 20 8,2,0,23,start.sh,72,1,298,2281472,164
1756,1572141095,2019_10_27__01_51_35.json,0,18828,1165791,/bin/bash /usr/local/bin/start.sh multibwa.sh /data /data/References/Broad_UMI /data/References/Broad_UMI/Human_RefSeq /data/Aligns 24 20 8,2,0,23,start.sh,72,1,298,2281472,164
1757,1572141096,2019_10_27__01_51_36.json,0,18828,1165791,/bin/bash /usr/local/bin/start.sh multibwa.sh /data /data/References/Broad_UMI /data/References/Broad_UMI/Human_RefSeq /data/Aligns 24 20 8,2,0,23,start.sh,72,1,298,2281472,164
1758,1572141097,2019_10_27__01_51_37.json,0,18828,1165791,/bin/bash /usr/local/bin/start.sh multibwa.sh /data /data/References/Broad_UMI /data/References/Broad_UMI/Human_RefSeq /data/Aligns 24 20 8,2,0,23,start.sh,72,1,298,2281472,164
1759,1572141099,2019_10_27__01_51_39.json,0,18828,1165791,/bin/bash /usr/local/bin/start.sh multibwa.sh /data /data/References/Broad_UMI /data/References/Broad_UMI/Human_RefSeq /data/Aligns 24 20 8,2,0,23,start.sh,72,1,298,2281472,164
1760,1572141100,2019_10_27__01_51_40.json,0,18828,1165791,/bin/bash /usr/local/bin/start.sh multibwa.sh /data /data/References/Broad_UMI /data/References/Broad_UMI/Human_RefSeq /data/Aligns 24 20 8,2,0,23,start.sh,72,1,298,2281472,164
1761,1572141101,2019_10_27__01_51_41.json,0,18828,1165791,/bin/bash /usr/local/bin/start.sh multibwa.sh /data /data/References/Broad_UMI /data/References/Broad_UMI/Human_RefSeq /data/Aligns 24 20 8,2,0,23,start.sh,72,1,298,2281472,164
1762,1572141103,2019_10_27__01_51_43.json,0,18828,1165791,/bin/bash /usr/local/bin/start.sh multibwa.sh /data /data/References/Broad_UMI /data/References/Broad_UMI/Human_RefSeq /data/Aligns 24 20 8,2,0,23,start.sh,72,1,298,2281472,164
1763,1572141104,2019_10_27__01_51_44.json,0,18828,1165791,/bin/bash /usr/local/bin/start.sh multibwa.sh /data /data/References/Broad_UMI /data/References/Broad_UMI/Human_RefSeq /data/Aligns 24 20 8,2,0,23,start.sh,72,1,298,2281472,164
1764,1572141105,2019_10_27__01_51_45.json,0,18828,1165791,/bin/bash /usr/local/bin/start.sh multibwa.sh /data /data/References/Broad_UMI /data/References/Broad_UMI/Human_RefSeq /data/Aligns 24 20 8,2,0,23,start.sh,72,1,298,2281472,164
1765,1572141107,2019_10_27__01_51_47.json,0,18828,1165791,/bin/bash /usr/local/bin/start.sh multibwa.sh /data /data/References/Broad_UMI /data/References/Broad_UMI/Human_RefSeq /data/Aligns 24 20 8,2,0,23,start.sh,72,1,298,2281472,164
1766,1572141108,2019_10_27__01_51_48.json,0,18828,1165791,/bin/bash /usr/local/bin/start.sh multibwa.sh /data /data/References/Broad_UMI /data/References/Broad_UMI/Human_RefSeq /data/Aligns 24 20 8,2,0,23,start.sh,72,1,298,2281472,164
1767,1572141109,2019_10_27__01_51_49.json,0,18828,1165791,/bin/bash /usr/local/bin/start.sh multibwa.sh /data /data/References/Broad_UMI /data/References/Broad_UMI/Human_RefSeq /data/Aligns 24 20 8,2,0,23,start.sh,72,1,298,2281472,164
1768,1572141111,2019_10_27__01_51_51.json,0,18828,1165791,/bin/bash /usr/local/bin/start.sh multibwa.sh /data /data/References/Broad_UMI /data/References/Broad_UMI/Human_RefSeq /data/Aligns 24 20 8,2,0,23,start.sh,72,1,298,2281472,164
1769,1572141112,2019_10_27__01_51_52.json,0,18828,1165791,/bin/bash /usr/local/bin/start.sh multibwa.sh /data /data/References/Broad_UMI /data/References/Broad_UMI/Human_RefSeq /data/Aligns 24 20 8,2,0,23,start.sh,72,1,298,2281472,164
1770,1572141113,2019_10_27__01_51_53.json,0,18828,1165791,/bin/bash /usr/local/bin/start.sh multibwa.sh /data /data/References/Broad_UMI /data/References/Broad_UMI/Human_RefSeq /data/Aligns 24 20 8,2,0,23,start.sh,72,1,298,2281472,164
1771,1572141115,2019_10_27__01_51_55.json,0,18828,1165791,/bin/bash /usr/local/bin/start.sh multibwa.sh /data /data/References/Broad_UMI /data/References/Broad_UMI/Human_RefSeq /data/Aligns 24 20 8,2,0,23,start.sh,72,1,298,2281472,164
1772,1572141116,2019_10_27__01_51_56.json,0,18828,1165791,/bin/bash /usr/local/bin/start.sh multibwa.sh /data /data/References/Broad_UMI /data/References/Broad_UMI/Human_RefSeq /data/Aligns 24 20 8,2,0,23,start.sh,72,1,298,2281472,164
1773,1572141117,2019_10_27__01_51_57.json,0,18828,1165791,/bin/bash /usr/local/bin/start.sh multibwa.sh /data /data/References/Broad_UMI /data/References/Broad_UMI/Human_RefSeq /data/Aligns 24 20 8,2,0,23,start.sh,72,1,298,2281472,164
1774,1572141119,2019_10_27__01_51_59.json,0,18828,1165791,/bin/bash /usr/local/bin/start.sh multibwa.sh /data /data/References/Broad_UMI /data/References/Broad_UMI/Human_RefSeq /data/Aligns 24 20 8,2,0,23,start.sh,72,1,298,2281472,164
1775,1572141120,2019_10_27__01_52_00.json,0,18828,1165791,/bin/bash /usr/local/bin/start.sh multibwa.sh /data /data/References/Broad_UMI /data/References/Broad_UMI/Human_RefSeq /data/Aligns 24 20 8,2,0,23,start.sh,72,1,298,2281472,164
1776,1572141121,2019_10_27__01_52_01.json,0,18828,1165791,/bin/bash /usr/local/bin/start.sh multibwa.sh /data /data/References/Broad_UMI /data/References/Broad_UMI/Human_RefSeq /data/Aligns 24 20 8,2,0,23,start.sh,72,1,298,2281472,164
1777,1572141123,2019_10_27__01_52_03.json,0,18828,1165791,/bin/bash /usr/local/bin/start.sh multibwa.sh /data /data/References/Broad_UMI /data/References/Broad_UMI/Human_RefSeq /data/Aligns 24 20 8,2,0,23,start.sh,72,1,298,2281472,164
1778,1572141124,2019_10_27__01_52_04.json,0,18828,1165791,/bin/bash /usr/local/bin/start.sh multibwa.sh /data /data/References/Broad_UMI /data/References/Broad_UMI/Human_RefSeq /data/Aligns 24 20 8,2,0,23,start.sh,72,1,298,2281472,164
1779,1572141125,2019_10_27__01_52_05.json,0,18828,1165791,/bin/bash /usr/local/bin/start.sh multibwa.sh /data /data/References/Broad_UMI /data/References/Broad_UMI/Human_RefSeq /data/Aligns 24 20 8,2,0,23,start.sh,72,1,298,2281472,164
1780,1572141127,2019_10_27__01_52_07.json,0,18828,1165791,/bin/bash /usr/local/bin/start.sh multibwa.sh /data /data/References/Broad_UMI /data/References/Broad_UMI/Human_RefSeq /data/Aligns 24 20 8,2,0,23,start.sh,72,1,298,2281472,164
1781,1572141128,2019_10_27__01_52_08.json,0,18828,1165791,/bin/bash /usr/local/bin/start.sh multibwa.sh /data /data/References/Broad_UMI /data/References/Broad_UMI/Human_RefSeq /data/Aligns 24 20 8,2,0,23,start.sh,72,1,298,2281472,164
1782,1572141129,2019_10_27__01_52_09.json,0,18828,1165791,/bin/bash /usr/local/bin/start.sh multibwa.sh /data /data/References/Broad_UMI /data/References/Broad_UMI/Human_RefSeq /data/Aligns 24 20 8,2,0,23,start.sh,72,1,298,2281472,164
1783,1572141131,2019_10_27__01_52_11.json,0,18828,1165791,/bin/bash /usr/local/bin/start.sh multibwa.sh /data /data/References/Broad_UMI /data/References/Broad_UMI/Human_RefSeq /data/Aligns 24 20 8,2,0,23,start.sh,72,1,298,2281472,164
1784,1572141132,2019_10_27__01_52_12.json,0,18828,1165791,/bin/bash /usr/local/bin/start.sh multibwa.sh /data /data/References/Broad_UMI /data/References/Broad_UMI/Human_RefSeq /data/Aligns 24 20 8,2,0,23,start.sh,72,1,298,2281472,164
1785,1572141133,2019_10_27__01_52_13.json,0,18828,1165791,/bin/bash /usr/local/bin/start.sh multibwa.sh /data /data/References/Broad_UMI /data/References/Broad_UMI/Human_RefSeq /data/Aligns 24 20 8,2,0,23,start.sh,72,1,298,2281472,164
1786,1572141135,2019_10_27__01_52_15.json,0,18828,1165791,/bin/bash /usr/local/bin/start.sh multibwa.sh /data /data/References/Broad_UMI /data/References/Broad_UMI/Human_RefSeq /data/Aligns 24 20 8,2,0,23,start.sh,72,1,298,2281472,164
1787,1572141136,2019_10_27__01_52_16.json,0,18828,1165791,/bin/bash /usr/local/bin/start.sh multibwa.sh /data /data/References/Broad_UMI /data/References/Broad_UMI/Human_RefSeq /data/Aligns 24 20 8,2,0,23,start.sh,72,1,298,2281472,164
1788,1572141137,2019_10_27__01_52_17.json,0,18828,1165791,/bin/bash /usr/local/bin/start.sh multibwa.sh /data /data/References/Broad_UMI /data/References/Broad_UMI/Human_RefSeq /data/Aligns 24 20 8,2,0,23,start.sh,72,1,298,2281472,164
1789,1572141139,2019_10_27__01_52_19.json,0,18828,1165791,/bin/bash /usr/local/bin/start.sh multibwa.sh /data /data/References/Broad_UMI /data/References/Broad_UMI/Human_RefSeq /data/Aligns 24 20 8,2,0,23,start.sh,72,1,298,2281472,164
1790,1572141140,2019_10_27__01_52_20.json,0,18828,1165791,/bin/bash /usr/local/bin/start.sh multibwa.sh /data /data/References/Broad_UMI /data/References/Broad_UMI/Human_RefSeq /data/Aligns 24 20 8,2,0,23,start.sh,72,1,298,2281472,164
1791,1572141141,2019_10_27__01_52_21.json,0,18828,1165791,/bin/bash /usr/local/bin/start.sh multibwa.sh /data /data/References/Broad_UMI /data/References/Broad_UMI/Human_RefSeq /data/Aligns 24 20 8,2,0,23,start.sh,72,1,298,2281472,164
1792,1572141142,2019_10_27__01_52_22.json,0,18828,1165791,/bin/bash /usr/local/bin/start.sh multibwa.sh /data /data/References/Broad_UMI /data/References/Broad_UMI/Human_RefSeq /data/Aligns 24 20 8,2,0,23,start.sh,72,1,298,2281472,164
1793,1572141144,2019_10_27__01_52_24.json,0,18828,1165791,/bin/bash /usr/local/bin/start.sh multibwa.sh /data /data/References/Broad_UMI /data/References/Broad_UMI/Human_RefSeq /data/Aligns 24 20 8,2,0,23,start.sh,72,1,298,2281472,164
1794,1572141145,2019_10_27__01_52_25.json,0,18828,1165791,/bin/bash /usr/local/bin/start.sh multibwa.sh /data /data/References/Broad_UMI /data/References/Broad_UMI/Human_RefSeq /data/Aligns 24 20 8,2,0,23,start.sh,72,1,298,2281472,164
1795,1572141147,2019_10_27__01_52_27.json,0,18828,1165791,/bin/bash /usr/local/bin/start.sh multibwa.sh /data /data/References/Broad_UMI /data/References/Broad_UMI/Human_RefSeq /data/Aligns 24 20 8,2,0,23,start.sh,72,1,298,2281472,164
1796,1572141148,2019_10_27__01_52_28.json,0,18828,1165791,/bin/bash /usr/local/bin/start.sh multibwa.sh /data /data/References/Broad_UMI /data/References/Broad_UMI/Human_RefSeq /data/Aligns 24 20 8,2,0,23,start.sh,72,1,298,2281472,164
1797,1572141149,2019_10_27__01_52_29.json,0,18828,1165791,/bin/bash /usr/local/bin/start.sh multibwa.sh /data /data/References/Broad_UMI /data/References/Broad_UMI/Human_RefSeq /data/Aligns 24 20 8,2,0,23,start.sh,72,1,298,2281472,164
1798,1572141151,2019_10_27__01_52_31.json,0,18828,1165791,/bin/bash /usr/local/bin/start.sh multibwa.sh /data /data/References/Broad_UMI /data/References/Broad_UMI/Human_RefSeq /data/Aligns 24 20 8,2,0,23,start.sh,72,1,298,2281472,164
1799,1572141152,2019_10_27__01_52_32.json,0,18828,1165791,/bin/bash /usr/local/bin/start.sh multibwa.sh /data /data/References/Broad_UMI /data/References/Broad_UMI/Human_RefSeq /data/Aligns 24 20 8,2,0,23,start.sh,72,1,298,2281472,164
1800,1572141153,2019_10_27__01_52_33.json,0,18828,1165791,/bin/bash /usr/local/bin/start.sh multibwa.sh /data /data/References/Broad_UMI /data/References/Broad_UMI/Human_RefSeq /data/Aligns 24 20 8,2,0,23,start.sh,72,1,298,2281472,164
1801,1572141154,2019_10_27__01_52_34.json,0,18828,1165791,/bin/bash /usr/local/bin/start.sh multibwa.sh /data /data/References/Broad_UMI /data/References/Broad_UMI/Human_RefSeq /data/Aligns 24 20 8,2,0,23,start.sh,72,1,298,2281472,164
1802,1572141156,2019_10_27__01_52_36.json,0,18828,1165791,/bin/bash /usr/local/bin/start.sh multibwa.sh /data /data/References/Broad_UMI /data/References/Broad_UMI/Human_RefSeq /data/Aligns 24 20 8,2,0,23,start.sh,72,1,298,2281472,164
1803,1572141157,2019_10_27__01_52_37.json,0,18828,1165791,/bin/bash /usr/local/bin/start.sh multibwa.sh /data /data/References/Broad_UMI /data/References/Broad_UMI/Human_RefSeq /data/Aligns 24 20 8,2,0,23,start.sh,72,1,298,2281472,164
1804,1572141158,2019_10_27__01_52_38.json,0,18828,1165791,/bin/bash /usr/local/bin/start.sh multibwa.sh /data /data/References/Broad_UMI /data/References/Broad_UMI/Human_RefSeq /data/Aligns 24 20 8,2,0,23,start.sh,72,1,298,2281472,164
1805,1572141160,2019_10_27__01_52_40.json,0,18828,1165791,/bin/bash /usr/local/bin/start.sh multibwa.sh /data /data/References/Broad_UMI /data/References/Broad_UMI/Human_RefSeq /data/Aligns 24 20 8,2,0,23,start.sh,72,1,298,2281472,164
1806,1572141161,2019_10_27__01_52_41.json,0,18828,1165791,/bin/bash /usr/local/bin/start.sh multibwa.sh /data /data/References/Broad_UMI /data/References/Broad_UMI/Human_RefSeq /data/Aligns 24 20 8,2,0,23,start.sh,72,1,298,2281472,164
1807,1572141162,2019_10_27__01_52_42.json,0,18828,1165791,/bin/bash /usr/local/bin/start.sh multibwa.sh /data /data/References/Broad_UMI /data/References/Broad_UMI/Human_RefSeq /data/Aligns 24 20 8,2,0,23,start.sh,72,1,298,2281472,164
1808,1572141164,2019_10_27__01_52_44.json,0,18828,1165791,/bin/bash /usr/local/bin/start.sh multibwa.sh /data /data/References/Broad_UMI /data/References/Broad_UMI/Human_RefSeq /data/Aligns 24 20 8,2,0,23,start.sh,72,1,298,2281472,164
1809,1572141165,2019_10_27__01_52_45.json,0,18828,1165791,/bin/bash /usr/local/bin/start.sh multibwa.sh /data /data/References/Broad_UMI /data/References/Broad_UMI/Human_RefSeq /data/Aligns 24 20 8,2,0,23,start.sh,72,1,298,2281472,164
1810,1572141166,2019_10_27__01_52_46.json,0,18828,1165791,/bin/bash /usr/local/bin/start.sh multibwa.sh /data /data/References/Broad_UMI /data/References/Broad_UMI/Human_RefSeq /data/Aligns 24 20 8,2,0,23,start.sh,72,1,298,2281472,164
1811,1572141168,2019_10_27__01_52_48.json,0,18828,1165791,/bin/bash /usr/local/bin/start.sh multibwa.sh /data /data/References/Broad_UMI /data/References/Broad_UMI/Human_RefSeq /data/Aligns 24 20 8,2,0,23,start.sh,72,1,298,2281472,164
1812,1572141169,2019_10_27__01_52_49.json,0,18828,1165791,/bin/bash /usr/local/bin/start.sh multibwa.sh /data /data/References/Broad_UMI /data/References/Broad_UMI/Human_RefSeq /data/Aligns 24 20 8,2,0,23,start.sh,72,1,298,2281472,164
1813,1572141170,2019_10_27__01_52_50.json,0,18828,1165791,/bin/bash /usr/local/bin/start.sh multibwa.sh /data /data/References/Broad_UMI /data/References/Broad_UMI/Human_RefSeq /data/Aligns 24 20 8,2,0,23,start.sh,72,1,298,2281472,164
1814,1572141172,2019_10_27__01_52_52.json,0,18828,1165791,/bin/bash /usr/local/bin/start.sh multibwa.sh /data /data/References/Broad_UMI /data/References/Broad_UMI/Human_RefSeq /data/Aligns 24 20 8,2,0,23,start.sh,72,1,298,2281472,164
1815,1572141173,2019_10_27__01_52_53.json,0,18828,1165791,/bin/bash /usr/local/bin/start.sh multibwa.sh /data /data/References/Broad_UMI /data/References/Broad_UMI/Human_RefSeq /data/Aligns 24 20 8,2,0,23,start.sh,72,1,298,2281472,164
1816,1572141174,2019_10_27__01_52_54.json,0,18828,1165791,/bin/bash /usr/local/bin/start.sh multibwa.sh /data /data/References/Broad_UMI /data/References/Broad_UMI/Human_RefSeq /data/Aligns 24 20 8,2,0,23,start.sh,72,1,298,2281472,164
1817,1572141176,2019_10_27__01_52_56.json,0,18828,1165791,/bin/bash /usr/local/bin/start.sh multibwa.sh /data /data/References/Broad_UMI /data/References/Broad_UMI/Human_RefSeq /data/Aligns 24 20 8,2,0,23,start.sh,72,1,298,2281472,164
1818,1572141177,2019_10_27__01_52_57.json,0,18828,1165791,/bin/bash /usr/local/bin/start.sh multibwa.sh /data /data/References/Broad_UMI /data/References/Broad_UMI/Human_RefSeq /data/Aligns 24 20 8,2,0,23,start.sh,72,1,298,2281472,164
1819,1572141179,2019_10_27__01_52_59.json,0,18828,1165791,/bin/bash /usr/local/bin/start.sh multibwa.sh /data /data/References/Broad_UMI /data/References/Broad_UMI/Human_RefSeq /data/Aligns 24 20 8,2,0,23,start.sh,72,1,298,2281472,164
1820,1572141180,2019_10_27__01_53_00.json,0,18828,1165791,/bin/bash /usr/local/bin/start.sh multibwa.sh /data /data/References/Broad_UMI /data/References/Broad_UMI/Human_RefSeq /data/Aligns 24 20 8,2,0,23,start.sh,72,1,298,2281472,164
1821,1572141181,2019_10_27__01_53_01.json,0,18828,1165791,/bin/bash /usr/local/bin/start.sh multibwa.sh /data /data/References/Broad_UMI /data/References/Broad_UMI/Human_RefSeq /data/Aligns 24 20 8,2,0,23,start.sh,72,1,298,2281472,164
1822,1572141182,2019_10_27__01_53_02.json,0,18828,1165791,/bin/bash /usr/local/bin/start.sh multibwa.sh /data /data/References/Broad_UMI /data/References/Broad_UMI/Human_RefSeq /data/Aligns 24 20 8,2,0,23,start.sh,72,1,298,2281472,164
1823,1572141184,2019_10_27__01_53_04.json,0,18828,1165791,/bin/bash /usr/local/bin/start.sh multibwa.sh /data /data/References/Broad_UMI /data/References/Broad_UMI/Human_RefSeq /data/Aligns 24 20 8,2,0,23,start.sh,72,1,298,2281472,164
1824,1572141185,2019_10_27__01_53_05.json,0,18828,1165791,/bin/bash /usr/local/bin/start.sh multibwa.sh /data /data/References/Broad_UMI /data/References/Broad_UMI/Human_RefSeq /data/Aligns 24 20 8,2,0,23,start.sh,72,1,298,2281472,164
1825,1572141186,2019_10_27__01_53_06.json,0,18828,1165791,/bin/bash /usr/local/bin/start.sh multibwa.sh /data /data/References/Broad_UMI /data/References/Broad_UMI/Human_RefSeq /data/Aligns 24 20 8,2,0,23,start.sh,72,1,298,2281472,164
1826,1572141188,2019_10_27__01_53_08.json,0,18828,1165791,/bin/bash /usr/local/bin/start.sh multibwa.sh /data /data/References/Broad_UMI /data/References/Broad_UMI/Human_RefSeq /data/Aligns 24 20 8,2,0,23,start.sh,72,1,298,2281472,164
1827,1572141189,2019_10_27__01_53_09.json,0,18828,1165791,/bin/bash /usr/local/bin/start.sh multibwa.sh /data /data/References/Broad_UMI /data/References/Broad_UMI/Human_RefSeq /data/Aligns 24 20 8,2,0,23,start.sh,72,1,298,2281472,164
